TYPE: HDVRPSV
DEMAND_DIMENSION: 5
DIMENSION: 105
DEPOT_NUMBERS: 5
EDGE_WEIGHT_TYPE: EUC_2D
MCAPACITY: 
1 20 20 20 20 20 
NODE_COORD_SECTION
1 48.26 26.35
2 29.41 71.2
3 75.64 80.88
4 49.58 87.95
5 51.79 42.63
6 21.64 27.6
7 29.74 22.29
8 64.79 66.83
9 3.59 83.79
10 42.57 12.77
11 43.87 4.28
12 65.75 11.41
13 42.48 59.15
14 89.82 73.41
15 2.55 36.03
16 86.49 19.79
17 27.38 39.78
18 44.54 84.2
19 58.19 64.31
20 42.92 26.52
21 51.71 0.81
22 66.9 60.97
23 19.31 87.25
24 99.75 36.93
25 60.26 25.95
26 82.94 47.67
27 13.95 8.49
28 98.53 15.79
29 56.87 14.45
30 60.63 72.01
31 34.72 8.73
32 60.74 7.92
33 62.92 42.66
34 37.78 41.53
35 94.32 44.84
36 63.25 51.41
37 18.52 16.32
38 61.63 34.28
39 15.66 91.4
40 39.08 2.1
41 39.94 80.62
42 84.12 54.52
43 95.15 84.55
44 8.3 87.65
45 10.2 5.42
46 96.97 57.48
47 44.38 16.24
48 3.21 71.78
49 4.46 86.4
50 48.7 96.72
51 22.33 13.83
52 23.66 49.65
53 80.22 61.72
54 43.87 42.06
55 82.74 1.54
56 9.51 37.87
57 44.08 59.76
58 76.1 48.17
59 43.04 66.3
60 69.56 6.08
61 82.76 90.55
62 60.8 86.53
63 29.08 90.42
64 41.33 76.66
65 42.18 67.01
66 68.79 28.0
67 98.34 3.89
68 68.3 95.04
69 86.24 36.59
70 16.83 23.12
71 42.8 25.71
72 22.18 77.21
73 6.44 76.3
74 89.97 16.3
75 10.11 62.81
76 11.3 61.45
77 12.3 70.24
78 31.68 27.86
79 81.85 40.62
80 39.83 51.24
81 86.37 31.93
82 29.06 13.25
83 59.05 63.85
84 89.04 98.73
85 44.07 64.7
86 92.94 57.34
87 9.01 68.48
88 37.14 39.05
89 48.55 86.05
90 84.19 47.43
91 59.11 63.53
92 6.7 58.91
93 35.22 27.8
94 46.4 80.69
95 95.57 86.23
96 83.84 66.25
97 17.12 80.42
98 12.82 91.8
99 86.99 74.06
100 76.37 88.09
101 69.98 30.31
102 6.81 22.41
103 64.5 93.82
104 9.0 53.68
105 74.7 34.66
DEMAND_SECTION
1 0 0 0 5 0 
2 1 2 5 0 3 
3 5 4 5 0 4 
4 4 1 0 0 0 
5 4 1 4 2 5 
6 4 5 4 1 0 
7 0 0 0 3 5 
8 5 2 0 0 2 
9 0 3 1 2 2 
10 3 0 0 4 2 
11 0 0 0 3 3 
12 4 0 0 2 0 
13 0 0 3 0 3 
14 5 0 0 3 5 
15 4 3 0 4 5 
16 5 0 3 4 3 
17 3 2 5 4 5 
18 0 0 2 2 4 
19 2 5 5 0 0 
20 2 0 0 2 0 
21 1 4 3 0 0 
22 2 0 0 0 4 
23 0 2 0 1 4 
24 5 3 2 0 0 
25 1 1 0 0 5 
26 4 0 0 0 3 
27 0 0 2 0 2 
28 0 2 1 0 2 
29 0 2 3 0 2 
30 3 0 2 1 3 
31 0 4 0 5 4 
32 0 4 0 5 0 
33 1 2 0 5 1 
34 3 4 4 1 0 
35 0 5 4 0 1 
36 0 2 3 0 4 
37 0 3 0 1 4 
38 3 0 3 5 5 
39 2 5 3 1 0 
40 0 3 0 5 0 
41 0 5 0 3 0 
42 4 0 0 0 0 
43 0 1 1 2 5 
44 4 0 0 0 0 
45 4 2 0 0 2 
46 2 0 5 0 4 
47 2 0 0 0 5 
48 1 1 0 3 4 
49 2 0 0 3 0 
50 3 2 0 0 0 
51 2 4 1 3 0 
52 1 0 0 5 0 
53 0 0 0 5 5 
54 0 0 4 0 0 
55 0 4 0 0 0 
56 0 0 3 1 0 
57 2 0 4 5 5 
58 0 5 4 1 0 
59 0 4 0 0 0 
60 1 0 0 0 0 
61 0 5 0 2 3 
62 3 0 1 0 0 
63 3 1 2 0 2 
64 3 5 4 1 0 
65 3 1 0 0 3 
66 3 0 0 2 0 
67 1 5 0 2 5 
68 0 1 0 0 5 
69 3 4 0 2 0 
70 5 0 5 0 3 
71 4 1 4 4 1 
72 2 2 0 0 4 
73 2 2 1 0 4 
74 0 1 0 3 2 
75 1 3 0 0 2 
76 0 0 0 0 1 
77 0 0 5 0 0 
78 0 2 0 4 0 
79 4 3 2 3 2 
80 0 0 0 0 1 
81 0 2 4 3 0 
82 0 0 0 2 0 
83 4 4 5 3 4 
84 3 5 3 4 1 
85 5 0 0 3 0 
86 2 2 5 5 0 
87 2 2 0 0 5 
88 0 2 4 3 5 
89 5 1 1 3 0 
90 1 5 4 0 0 
91 3 0 2 0 0 
92 0 1 2 0 2 
93 1 0 4 0 1 
94 0 2 5 4 0 
95 0 4 0 0 0 
96 0 2 3 4 0 
97 2 0 3 3 1 
98 0 4 0 1 5 
99 2 5 0 0 1 
100 4 1 5 0 2 
101 20 0 0 0 0 
102 0 20 0 0 0 
103 0 0 20 0 0 
104 0 0 0 20 0 
105 0 0 0 0 20 
MDEPOT_SECTION
101 102 103 104 105 
EOF
