TYPE: HDVRPSV
DEMAND_DIMENSION: 5
DIMENSION: 105
DEPOT_NUMBERS: 5
EDGE_WEIGHT_TYPE: EUC_2D
MCAPACITY: 
1 20 20 20 20 20 
NODE_COORD_SECTION
1 5.76 86.49
2 15.49 42.78
3 68.28 40.81
4 42.92 98.97
5 16.62 4.49
6 62.35 37.08
7 17.72 27.37
8 21.12 33.5
9 19.25 19.63
10 4.24 44.73
11 96.66 89.36
12 85.06 82.02
13 31.89 89.8
14 65.35 62.78
15 69.44 33.47
16 13.45 71.98
17 84.03 65.44
18 20.93 48.14
19 13.02 96.27
20 10.53 65.86
21 92.77 19.98
22 85.29 24.76
23 44.72 47.06
24 4.52 26.82
25 63.05 14.76
26 75.83 68.9
27 67.34 42.33
28 28.0 17.35
29 38.58 94.69
30 81.36 31.44
31 65.49 63.78
32 3.51 38.24
33 99.44 93.47
34 78.24 50.75
35 31.09 49.72
36 56.58 72.26
37 92.34 12.37
38 80.33 95.14
39 56.32 34.53
40 87.62 71.24
41 7.0 11.76
42 45.96 74.56
43 83.44 99.17
44 17.25 60.42
45 82.66 88.53
46 37.21 57.61
47 54.05 42.86
48 84.66 9.93
49 5.99 34.13
50 87.87 27.48
51 7.35 18.31
52 46.03 78.6
53 77.69 17.17
54 4.66 57.15
55 55.21 50.97
56 11.45 89.09
57 80.07 40.42
58 97.75 81.13
59 37.86 38.15
60 31.72 46.76
61 44.84 45.48
62 84.44 93.5
63 72.46 57.93
64 16.81 48.48
65 32.66 13.49
66 13.75 34.7
67 73.69 26.64
68 91.65 73.32
69 80.35 19.78
70 34.54 56.84
71 5.88 10.2
72 36.33 10.28
73 49.87 27.64
74 88.82 97.26
75 50.28 55.83
76 94.91 29.8
77 40.56 2.38
78 31.59 32.65
79 41.04 81.22
80 17.4 56.28
81 4.43 58.84
82 79.52 69.23
83 78.41 69.51
84 53.04 99.52
85 53.35 48.79
86 74.69 99.47
87 32.6 17.9
88 48.21 28.66
89 60.1 75.81
90 34.93 80.09
91 54.6 84.06
92 9.34 59.98
93 70.5 13.26
94 12.52 42.24
95 89.32 2.19
96 14.21 73.03
97 24.1 61.06
98 84.44 55.31
99 9.99 37.87
100 62.16 23.2
101 91.02 79.57
102 20.28 77.5
103 99.06 3.29
104 57.62 33.25
105 66.14 62.82
DEMAND_SECTION
1 0 0 0 0 4 
2 4 0 0 0 0 
3 0 0 1 2 3 
4 4 2 0 0 1 
5 0 0 0 4 5 
6 0 0 1 0 0 
7 0 1 4 4 4 
8 2 2 0 0 1 
9 1 0 0 2 0 
10 0 1 0 3 2 
11 0 3 0 2 0 
12 0 2 4 2 3 
13 0 2 3 4 0 
14 2 1 0 0 0 
15 0 0 2 3 4 
16 0 4 1 0 3 
17 0 0 0 4 0 
18 4 4 5 0 0 
19 1 0 0 4 3 
20 0 5 1 0 0 
21 0 3 5 1 5 
22 2 0 0 4 2 
23 5 0 0 4 3 
24 5 1 0 5 2 
25 0 0 0 1 5 
26 4 0 0 0 0 
27 0 0 5 0 0 
28 0 2 1 3 0 
29 3 2 0 0 3 
30 0 0 1 2 3 
31 5 5 3 1 0 
32 2 4 1 0 1 
33 3 2 0 0 0 
34 2 2 0 0 4 
35 0 0 0 2 3 
36 0 1 3 0 5 
37 5 0 2 0 3 
38 4 0 0 2 3 
39 4 0 0 4 0 
40 0 0 3 0 0 
41 0 4 2 4 4 
42 3 0 2 5 0 
43 1 1 0 3 1 
44 2 3 5 2 3 
45 1 4 0 1 0 
46 0 1 1 0 0 
47 1 0 1 0 2 
48 2 2 4 3 1 
49 1 2 0 2 0 
50 3 2 1 4 4 
51 0 5 3 0 0 
52 4 1 0 3 0 
53 1 0 0 2 4 
54 3 3 3 4 3 
55 0 0 3 2 1 
56 4 0 0 2 4 
57 0 4 0 0 1 
58 0 0 3 0 4 
59 5 0 0 0 1 
60 0 4 5 3 1 
61 1 0 0 3 0 
62 2 0 0 0 5 
63 0 2 0 3 5 
64 0 0 0 1 0 
65 5 0 5 0 0 
66 4 4 0 0 0 
67 4 0 3 2 0 
68 4 2 0 0 0 
69 4 5 2 3 0 
70 5 0 0 0 1 
71 0 0 5 0 2 
72 0 3 5 0 0 
73 0 1 0 0 0 
74 1 5 0 0 0 
75 0 4 1 5 0 
76 5 0 0 0 1 
77 5 2 1 4 3 
78 4 1 4 0 0 
79 0 1 2 5 0 
80 5 0 0 0 1 
81 5 4 0 0 0 
82 5 0 0 0 5 
83 5 4 0 3 3 
84 5 1 0 2 0 
85 0 5 3 0 3 
86 3 1 5 0 4 
87 4 0 1 4 3 
88 0 0 0 3 0 
89 0 3 2 1 4 
90 0 1 3 0 0 
91 0 2 4 0 4 
92 5 0 0 1 0 
93 3 1 3 1 1 
94 0 0 0 3 5 
95 4 1 4 0 0 
96 3 0 0 5 5 
97 0 1 0 0 0 
98 0 2 0 4 5 
99 1 3 4 3 5 
100 2 0 2 0 0 
101 20 0 0 0 0 
102 0 20 0 0 0 
103 0 0 20 0 0 
104 0 0 0 20 0 
105 0 0 0 0 20 
MDEPOT_SECTION
101 102 103 104 105 
EOF
