TYPE: HDVRPSV
DEMAND_DIMENSION: 15
DIMENSION: 1515
DEPOT_NUMBERS: 15
EDGE_WEIGHT_TYPE: EUC_2D
MCAPACITY: 
1 20 20 20 20 20 20 20 20 20 20 20 20 20 20 20 
NODE_COORD_SECTION
1 1132.69 1859.27
2 1938.6 1073.43
3 1957.03 1010.27
4 1581.43 1715.95
5 1138.57 1524.11
6 910.95 790.59
7 315.91 1651.43
8 468.26 1726.05
9 438.41 1778.39
10 1707.37 1658.38
11 936.27 913.5
12 1089.81 1394.31
13 1045.56 1769.08
14 767.41 329.31
15 1985.41 453.93
16 1794.94 1710.74
17 1455.74 1760.8
18 916.06 137.85
19 141.42 714.64
20 1544.18 1158.88
21 1538.95 425.03
22 1352.46 1902.62
23 646.95 488.62
24 396.02 1288.52
25 1496.8 1319.79
26 440.83 1341.52
27 1859.43 705.59
28 1517.02 1907.25
29 1165.55 1072.37
30 479.85 888.79
31 1293.61 520.75
32 484.4 1905.52
33 883.33 1453.22
34 1330.1 998.26
35 1632.95 843.26
36 1018.9 427.22
37 1206.76 1892.54
38 970.84 1608.51
39 717.26 50.21
40 1690.37 744.23
41 1586.2 1889.73
42 1345.27 1704.12
43 815.11 1759.44
44 453.86 430.19
45 1446.24 733.88
46 1593.4 43.19
47 1464.61 592.18
48 1586.45 450.29
49 951.33 431.86
50 904.35 1583.43
51 1944.16 1817.2
52 1852.32 748.27
53 170.12 1110.87
54 15.35 1595.84
55 126.06 622.77
56 22.82 87.74
57 626.64 1389.38
58 1258.39 201.67
59 1613.13 1736.31
60 389.15 207.67
61 431.88 294.39
62 1489.38 550.0
63 1882.83 519.83
64 1841.53 1086.04
65 807.82 634.08
66 63.09 110.48
67 1314.46 725.68
68 731.86 1103.34
69 379.93 77.88
70 3.42 174.06
71 1822.24 677.81
72 248.24 1546.54
73 1681.51 1434.72
74 1481.5 40.24
75 47.31 268.33
76 421.93 937.68
77 160.26 1694.59
78 137.78 1994.86
79 1928.73 1178.49
80 715.08 14.32
81 1443.47 865.7
82 727.17 1925.25
83 23.14 838.35
84 111.15 1784.69
85 1432.63 1062.94
86 439.69 872.18
87 730.42 141.87
88 953.54 767.05
89 1444.73 562.1
90 1545.13 337.66
91 1486.76 1199.52
92 443.53 1922.55
93 1464.86 747.31
94 43.65 19.15
95 1457.82 315.09
96 744.7 1921.81
97 621.49 1824.54
98 971.52 774.14
99 1356.03 1438.34
100 43.66 384.05
101 998.21 477.39
102 1317.49 651.5
103 1299.59 1689.63
104 755.41 1320.64
105 299.19 1298.71
106 195.32 599.9
107 115.83 590.7
108 238.37 1744.41
109 785.55 1708.48
110 238.37 1128.63
111 1076.22 1660.08
112 755.56 1496.12
113 459.18 349.14
114 1358.96 613.9
115 45.49 1888.34
116 807.7 1423.59
117 325.7 1447.28
118 1949.42 1963.88
119 668.83 1166.94
120 1483.81 345.25
121 658.31 760.82
122 1155.15 96.06
123 294.89 535.67
124 653.93 1771.06
125 187.1 1017.44
126 1104.01 1712.11
127 1124.28 1875.01
128 1294.63 761.23
129 1605.87 1051.94
130 1506.09 804.78
131 676.24 537.39
132 1719.84 890.6
133 1754.46 1112.2
134 1890.33 408.39
135 1473.65 1623.52
136 1404.08 249.94
137 1429.17 1364.69
138 33.78 102.02
139 642.31 1688.3
140 455.65 1274.2
141 256.29 1943.94
142 1061.97 742.21
143 968.68 23.85
144 293.36 557.82
145 1814.66 892.78
146 205.55 1396.42
147 534.02 1904.54
148 107.83 1673.38
149 1333.72 249.73
150 1744.66 1160.71
151 1839.84 1212.38
152 1500.09 889.91
153 1273.09 1534.97
154 1270.72 296.25
155 1083.59 1983.94
156 467.71 1819.15
157 754.25 723.86
158 1919.59 977.38
159 497.19 1144.48
160 188.21 800.07
161 1021.74 1889.05
162 764.98 18.26
163 529.66 43.39
164 1074.82 1565.03
165 751.7 1577.34
166 1492.8 933.17
167 610.92 1150.3
168 748.33 1095.76
169 480.49 396.78
170 1183.57 25.15
171 583.94 1501.89
172 1107.05 1097.62
173 1632.02 1472.02
174 1329.9 1464.87
175 1207.15 1025.72
176 740.85 647.02
177 730.11 326.15
178 758.77 1089.0
179 981.6 1189.38
180 136.65 733.0
181 732.88 1377.05
182 153.47 613.14
183 489.21 1566.55
184 790.34 923.45
185 1704.79 539.33
186 1897.69 1833.14
187 1093.74 1963.99
188 1117.79 1144.23
189 880.69 413.73
190 1416.32 1101.76
191 845.92 328.52
192 715.0 1189.53
193 1023.47 723.11
194 1431.0 1143.57
195 1339.01 849.82
196 1002.84 1445.92
197 370.85 1945.4
198 1753.55 1120.87
199 711.17 717.79
200 1359.35 632.9
201 1645.94 1295.26
202 349.29 840.12
203 1358.42 772.05
204 1632.27 1424.85
205 1584.65 971.61
206 1005.68 309.32
207 136.48 1255.28
208 251.13 212.32
209 504.71 1152.98
210 405.46 67.24
211 1668.45 805.15
212 217.41 1866.14
213 800.43 1141.9
214 1337.78 1636.83
215 1223.52 1228.89
216 1338.54 895.74
217 164.48 1111.12
218 432.59 736.38
219 587.97 1053.73
220 1606.94 1296.82
221 157.29 317.4
222 1675.92 1259.12
223 645.05 1584.11
224 788.8 1694.77
225 1714.64 1577.45
226 89.2 1059.15
227 559.72 1264.27
228 1747.54 360.37
229 856.81 1513.86
230 1445.28 16.96
231 646.77 595.06
232 429.41 610.75
233 1851.06 424.59
234 856.31 1877.06
235 929.07 1944.05
236 840.17 1524.48
237 1073.98 854.23
238 668.0 491.74
239 1898.85 1107.74
240 241.07 1164.53
241 1296.82 1456.36
242 448.64 63.34
243 1753.67 255.69
244 1191.13 1676.4
245 728.33 1528.46
246 910.92 1094.5
247 1055.82 441.38
248 1028.38 1883.64
249 1703.26 1232.96
250 58.73 415.24
251 878.18 1157.23
252 888.01 1009.6
253 1260.98 1406.57
254 221.76 432.61
255 1889.49 1931.29
256 872.94 1736.66
257 1267.82 853.02
258 1617.03 1212.69
259 1594.09 940.4
260 1240.47 1908.98
261 1472.53 1937.19
262 225.77 1239.77
263 191.97 933.84
264 619.67 1854.1
265 1379.4 1212.4
266 291.69 1280.08
267 871.75 34.76
268 629.52 1216.82
269 282.76 329.59
270 449.85 1034.2
271 696.93 1894.2
272 1891.18 205.96
273 832.71 1062.49
274 924.06 1915.84
275 1679.21 462.96
276 301.99 507.97
277 1691.91 223.01
278 1330.24 1968.7
279 1506.37 1089.62
280 1270.68 795.32
281 1658.58 1359.03
282 1312.03 569.55
283 626.37 8.7
284 458.2 848.69
285 769.95 1078.39
286 1644.72 1931.4
287 1200.31 226.42
288 1467.3 1935.56
289 1339.53 1972.77
290 563.1 94.6
291 174.09 1822.48
292 1227.32 609.05
293 459.95 1648.67
294 1095.89 226.23
295 1953.06 125.27
296 760.71 1990.69
297 1474.88 187.03
298 1521.61 1544.25
299 139.19 1207.86
300 1934.77 1590.66
301 1748.02 616.99
302 1004.45 800.52
303 307.53 1599.24
304 230.28 1580.99
305 1700.93 1046.28
306 73.78 798.05
307 1993.72 154.16
308 683.0 473.22
309 795.65 1641.34
310 490.95 259.38
311 1886.55 1864.69
312 957.45 242.65
313 1584.59 672.58
314 1070.86 1463.08
315 1421.15 616.96
316 1085.05 774.0
317 1237.72 1290.53
318 746.47 1298.55
319 18.98 417.1
320 1448.37 1749.93
321 1896.27 1881.15
322 435.31 1302.86
323 164.09 1096.51
324 1697.55 33.61
325 850.0 1744.44
326 804.45 1271.86
327 452.48 449.7
328 769.63 1344.18
329 888.7 1986.41
330 1972.24 1000.01
331 446.82 849.95
332 1712.06 215.02
333 835.04 814.49
334 103.31 1904.73
335 215.39 821.68
336 1138.27 1859.21
337 1843.46 244.75
338 85.76 482.64
339 756.67 1984.57
340 1716.53 836.84
341 913.83 519.57
342 1185.66 1024.75
343 1262.08 779.2
344 49.43 859.55
345 922.13 43.3
346 1860.13 911.98
347 1821.78 1013.88
348 1516.36 355.11
349 1977.96 232.08
350 977.1 1850.19
351 1314.41 1078.85
352 181.06 108.0
353 1576.86 291.8
354 1491.97 693.85
355 1616.98 374.62
356 635.55 1168.06
357 1706.43 1580.72
358 1987.34 648.33
359 480.25 1447.3
360 188.61 1244.56
361 1327.18 1613.37
362 1782.1 424.91
363 1232.42 936.46
364 631.87 87.73
365 1544.17 1151.75
366 520.1 524.64
367 1977.07 1975.75
368 376.88 1980.55
369 601.24 559.45
370 1582.3 837.77
371 1519.21 904.2
372 1261.21 1211.61
373 1388.64 1007.92
374 595.06 1277.96
375 244.62 825.69
376 900.49 1810.2
377 1351.3 536.2
378 311.59 310.85
379 782.21 848.1
380 764.58 949.43
381 1988.6 1847.9
382 504.88 753.13
383 420.74 1450.73
384 70.93 19.97
385 907.4 1395.73
386 837.66 767.85
387 850.13 1198.44
388 435.82 1635.74
389 1937.97 458.56
390 37.85 147.06
391 110.8 586.06
392 568.12 336.49
393 1728.66 137.73
394 1578.29 167.19
395 1699.43 716.2
396 697.16 1123.28
397 1502.57 1781.52
398 1932.92 558.84
399 192.76 732.9
400 896.85 31.29
401 19.56 123.78
402 1654.85 743.59
403 552.5 1068.83
404 1614.35 662.98
405 1912.97 1972.51
406 1763.14 830.28
407 1728.6 17.4
408 1168.48 175.81
409 1061.49 902.7
410 1909.32 1892.01
411 1661.44 1182.86
412 1090.09 1148.56
413 1114.47 195.42
414 447.2 290.69
415 1366.2 1202.07
416 1752.22 1352.52
417 1372.12 1395.01
418 79.61 1048.12
419 333.58 1439.14
420 1585.79 1110.69
421 1132.78 1766.01
422 1979.17 1000.7
423 484.67 312.01
424 1166.44 1494.1
425 935.91 981.13
426 1331.27 848.17
427 1518.6 642.26
428 1065.28 984.53
429 1223.85 572.87
430 279.55 247.27
431 1241.32 1334.5
432 1697.08 1064.97
433 212.06 1052.31
434 670.25 105.39
435 579.62 1940.78
436 421.82 931.12
437 1550.06 1690.54
438 1197.85 313.66
439 125.24 1839.55
440 294.85 1974.82
441 235.6 1685.81
442 1353.14 621.81
443 1898.13 1185.05
444 1957.42 1866.42
445 866.35 322.78
446 1599.28 979.33
447 1142.41 244.21
448 1652.53 711.15
449 1578.67 278.98
450 569.2 1487.22
451 1442.88 1023.26
452 940.41 1621.94
453 735.88 1323.08
454 880.07 1145.56
455 1489.98 1503.77
456 289.15 1278.22
457 734.22 1879.46
458 1859.08 1098.32
459 1373.08 13.07
460 1875.96 1455.08
461 1593.43 985.37
462 1336.88 1596.4
463 1841.63 909.53
464 44.53 550.45
465 1921.24 1367.3
466 1120.5 105.15
467 114.2 769.32
468 416.76 1947.38
469 894.58 56.86
470 852.62 798.89
471 46.14 233.6
472 1906.29 1016.99
473 759.05 1288.34
474 1418.65 130.52
475 316.79 1877.8
476 836.6 1183.03
477 1644.12 1359.59
478 1736.55 1525.67
479 1389.03 462.25
480 1205.95 361.75
481 648.63 661.05
482 1265.48 1088.63
483 557.18 242.41
484 474.14 982.52
485 608.16 1519.09
486 1949.45 970.11
487 1676.09 67.44
488 1564.69 490.64
489 817.55 1866.25
490 266.27 128.89
491 206.67 1816.4
492 58.98 1332.31
493 536.59 246.31
494 454.56 1981.17
495 1451.4 1061.53
496 501.89 1172.48
497 543.16 1799.39
498 940.61 878.23
499 1951.27 1359.15
500 153.68 1310.46
501 1969.25 737.59
502 1170.46 1650.5
503 1989.37 643.51
504 1299.72 1123.5
505 1199.64 233.81
506 850.32 1919.11
507 168.83 59.19
508 677.25 1757.95
509 1632.26 690.66
510 724.83 1187.06
511 1456.0 1372.34
512 1931.9 627.68
513 413.33 903.14
514 820.78 777.18
515 144.1 101.76
516 101.34 83.16
517 1959.82 451.64
518 281.55 269.09
519 310.43 1200.6
520 1480.53 17.28
521 707.13 1818.93
522 362.25 968.99
523 187.25 1152.54
524 109.48 1889.26
525 1633.21 1249.67
526 1150.52 1954.56
527 482.67 707.24
528 17.86 1435.61
529 1724.28 1063.82
530 1160.24 1884.4
531 1643.62 300.22
532 1700.3 1720.47
533 823.33 276.4
534 907.58 1835.14
535 243.97 774.07
536 1438.58 93.01
537 653.19 1905.41
538 579.7 284.45
539 298.47 1553.34
540 1391.23 1394.2
541 624.11 97.92
542 1691.57 426.54
543 1130.12 1378.63
544 1413.78 1718.52
545 1784.08 1741.27
546 1293.85 1439.12
547 1646.54 1615.39
548 555.7 422.14
549 1825.97 1184.33
550 232.84 1144.31
551 1562.9 796.27
552 1276.33 837.35
553 929.35 26.42
554 1241.25 137.74
555 1437.1 966.74
556 1543.98 920.85
557 1999.01 1746.08
558 1603.88 1676.75
559 1447.56 1963.4
560 1764.55 1855.66
561 1907.88 1371.01
562 1077.0 1560.33
563 1752.58 1364.33
564 818.28 1016.57
565 1789.09 152.59
566 124.37 786.09
567 239.28 438.75
568 1382.18 505.56
569 234.27 992.98
570 1211.3 574.97
571 175.83 768.72
572 791.93 922.18
573 645.1 1773.31
574 805.53 311.89
575 1397.79 391.74
576 1265.33 440.85
577 147.52 739.95
578 1510.21 247.41
579 176.49 1626.75
580 423.02 1886.28
581 132.15 484.97
582 1293.74 833.72
583 567.83 281.37
584 1860.28 530.92
585 1854.54 1299.66
586 237.68 254.03
587 653.03 554.96
588 1050.66 1376.85
589 479.78 597.84
590 1984.84 578.33
591 941.64 1609.98
592 1321.58 1362.89
593 1195.98 1798.37
594 1583.42 814.14
595 1506.46 1947.83
596 1099.74 1541.29
597 1014.46 1194.18
598 1155.72 1428.85
599 1134.42 989.83
600 260.9 1506.74
601 467.6 1964.86
602 1826.5 1507.58
603 259.91 1747.15
604 1347.8 1246.46
605 310.04 214.72
606 305.34 1319.7
607 1016.13 1595.67
608 186.19 189.06
609 297.09 29.92
610 1521.4 531.26
611 1608.73 60.03
612 387.82 886.46
613 1089.82 1236.06
614 550.06 65.48
615 1272.22 1252.45
616 67.21 1059.49
617 322.66 1751.7
618 1970.47 393.05
619 1254.82 1328.88
620 907.78 870.76
621 1478.95 928.97
622 1621.29 1157.73
623 587.53 1625.99
624 116.45 1817.91
625 1447.46 1534.46
626 933.03 1488.55
627 1573.46 1373.22
628 1051.06 1089.09
629 1843.45 1859.0
630 507.82 127.13
631 1781.51 126.52
632 1701.32 702.87
633 1251.36 1228.35
634 53.15 1319.45
635 1654.61 819.24
636 675.58 170.09
637 997.96 735.34
638 965.4 1023.23
639 1090.26 1168.52
640 1115.0 1338.82
641 1092.65 256.61
642 1200.69 1965.12
643 1737.17 1911.15
644 83.12 196.68
645 1777.17 1821.32
646 1554.35 215.86
647 253.44 1828.12
648 7.01 1811.47
649 692.47 1214.94
650 570.01 41.41
651 1492.56 1938.43
652 551.67 436.84
653 864.57 359.84
654 1539.92 1000.22
655 934.76 1928.57
656 254.29 132.67
657 1263.25 660.38
658 293.56 463.71
659 1378.78 445.36
660 589.29 1348.88
661 272.27 802.52
662 1494.18 1305.25
663 1580.29 1425.35
664 1031.95 184.3
665 1798.78 742.9
666 180.39 1352.66
667 1491.37 1251.66
668 766.09 750.79
669 1150.75 1848.71
670 501.64 1031.78
671 1064.74 1061.28
672 1013.44 908.68
673 797.87 133.03
674 951.87 686.24
675 649.22 104.11
676 1185.28 268.27
677 501.47 413.25
678 682.6 633.66
679 550.53 1061.8
680 822.05 1755.71
681 1240.71 397.77
682 1574.13 1876.36
683 577.32 1720.65
684 1159.41 151.86
685 984.07 196.61
686 1819.64 1671.62
687 31.41 370.78
688 516.13 694.35
689 1899.45 1556.81
690 512.79 14.31
691 1933.13 1850.09
692 1857.99 1975.33
693 1945.19 807.1
694 467.57 287.88
695 1727.6 987.79
696 341.55 620.69
697 44.83 682.22
698 986.29 1329.01
699 1395.41 1460.57
700 1382.91 913.42
701 616.65 1429.25
702 214.06 1159.05
703 1596.94 1694.41
704 1254.39 1552.59
705 1783.21 1560.3
706 1391.88 1792.03
707 307.61 1892.47
708 1919.0 1469.04
709 1338.05 1087.57
710 1041.34 513.66
711 400.47 1110.39
712 551.95 336.28
713 1389.85 498.83
714 1006.8 864.99
715 1129.67 1086.04
716 1012.31 1159.07
717 1298.06 819.03
718 1280.67 1220.27
719 913.39 233.6
720 974.73 1224.83
721 1420.44 819.16
722 1678.26 1919.28
723 923.41 756.73
724 1849.55 1641.45
725 1098.26 1933.55
726 580.75 1766.53
727 141.07 365.33
728 1847.33 701.86
729 941.92 1760.82
730 535.14 1026.83
731 2.3 1396.93
732 990.89 1924.44
733 1461.41 814.23
734 1530.66 226.12
735 494.52 1464.21
736 1048.92 318.42
737 1934.24 963.66
738 539.77 158.97
739 627.25 1922.9
740 1847.6 706.31
741 1646.35 1067.66
742 988.76 404.68
743 1101.66 310.94
744 159.23 1004.18
745 1295.9 1074.65
746 770.52 706.97
747 1719.95 453.56
748 1255.21 653.8
749 645.91 1543.6
750 1420.5 1300.97
751 1224.74 1045.48
752 642.87 1796.45
753 907.92 230.66
754 1727.44 256.58
755 105.68 1517.38
756 1204.83 1379.4
757 849.09 529.02
758 893.83 671.52
759 1300.71 314.94
760 1993.6 1697.72
761 1609.48 1997.88
762 509.04 1212.84
763 283.05 1967.13
764 1429.05 142.28
765 1456.44 29.31
766 1514.82 1621.77
767 44.5 269.64
768 1912.06 221.5
769 1201.71 1604.79
770 540.91 1730.15
771 1894.94 1038.31
772 1541.61 97.74
773 762.07 823.2
774 1165.58 1287.23
775 1218.39 80.55
776 425.72 489.84
777 532.62 99.04
778 1937.66 1624.14
779 561.42 1411.52
780 557.89 764.67
781 642.55 1.59
782 1050.04 1394.58
783 1489.64 1259.09
784 983.76 697.78
785 1560.92 308.05
786 662.51 1220.11
787 1199.59 1409.83
788 587.21 1554.41
789 137.31 208.28
790 277.3 374.59
791 282.8 423.73
792 440.18 1551.5
793 49.9 1870.2
794 1272.29 1997.44
795 1425.09 1706.32
796 1331.12 505.47
797 1440.26 899.31
798 874.88 1490.21
799 954.53 237.46
800 391.6 110.82
801 1036.75 740.73
802 65.88 941.23
803 239.52 782.57
804 293.14 772.39
805 1166.55 1375.54
806 1614.61 609.85
807 89.37 209.8
808 38.62 1480.6
809 504.99 462.25
810 1016.58 851.49
811 570.84 746.86
812 461.14 285.29
813 1700.17 1972.4
814 576.16 1417.31
815 876.5 1526.45
816 971.8 1215.88
817 340.94 72.45
818 49.11 542.02
819 416.76 442.11
820 1864.65 1703.17
821 589.02 1914.4
822 1257.76 1600.18
823 1064.84 367.22
824 51.36 1258.79
825 1761.96 466.22
826 789.2 686.71
827 1776.39 1595.97
828 438.33 1686.76
829 1229.01 1498.66
830 1573.82 1832.14
831 1542.32 586.4
832 1279.34 679.07
833 1111.06 152.71
834 1800.09 1446.41
835 1327.97 1158.97
836 1151.98 1655.83
837 1352.02 122.79
838 1116.04 1464.1
839 127.64 447.06
840 34.52 451.03
841 509.75 307.7
842 1646.38 646.75
843 350.76 1342.8
844 358.2 1133.6
845 1383.62 1181.49
846 879.08 1727.89
847 630.79 1196.51
848 262.71 220.15
849 1560.57 493.78
850 1083.8 139.04
851 1651.48 1829.62
852 116.79 271.49
853 1788.41 1816.12
854 346.27 1377.7
855 1090.37 13.86
856 699.21 1839.38
857 736.26 1690.91
858 1742.2 96.07
859 1084.17 1717.72
860 1623.48 564.02
861 428.33 1545.17
862 1057.0 1369.13
863 242.11 348.41
864 1296.76 1650.56
865 1322.34 378.37
866 235.83 1123.02
867 576.01 1199.02
868 1164.46 588.59
869 1657.78 1573.11
870 79.11 516.63
871 1425.25 1824.62
872 235.32 1834.54
873 1128.19 262.33
874 350.88 1512.75
875 711.27 1309.11
876 396.92 1994.92
877 1740.36 1260.07
878 1228.16 1495.6
879 1546.47 817.42
880 233.39 1149.36
881 304.35 1983.61
882 596.56 211.47
883 445.99 1024.67
884 1750.77 770.75
885 1847.88 1738.82
886 1641.72 490.51
887 1292.75 409.19
888 1958.29 1645.8
889 1798.37 359.7
890 1818.94 1989.15
891 1567.53 16.87
892 710.87 605.57
893 1696.41 1339.02
894 960.09 19.35
895 1295.23 1603.62
896 1590.39 420.95
897 1260.52 1186.45
898 665.87 546.9
899 1838.7 1318.12
900 233.11 392.08
901 1900.04 1341.74
902 69.63 585.56
903 1239.65 1567.18
904 277.22 281.11
905 701.73 1038.25
906 1012.13 1459.77
907 1061.65 382.68
908 59.41 1198.0
909 445.52 1800.55
910 1587.64 1013.06
911 709.79 1249.24
912 1686.56 181.04
913 17.61 1249.32
914 1717.23 46.92
915 756.95 965.61
916 1677.91 669.94
917 1372.81 868.26
918 1199.71 421.64
919 93.26 1619.16
920 1396.43 852.97
921 1086.62 1023.4
922 637.55 149.75
923 1264.41 1371.91
924 1222.76 213.83
925 1383.91 1202.5
926 527.41 976.03
927 929.41 684.58
928 456.75 1853.19
929 1842.91 829.85
930 1764.92 1718.58
931 1269.01 1754.57
932 1845.89 451.99
933 77.23 283.0
934 175.34 1562.58
935 205.85 1414.58
936 1791.98 1719.49
937 219.9 1743.07
938 721.39 488.01
939 1325.92 1071.23
940 1978.49 1789.75
941 640.12 133.94
942 323.95 1964.11
943 1741.14 1550.15
944 892.22 1896.08
945 1041.0 185.06
946 1354.92 1904.7
947 1509.62 1606.4
948 1875.67 256.82
949 328.4 1828.07
950 563.59 1893.07
951 129.15 273.89
952 1267.98 648.36
953 1491.32 59.86
954 704.49 1327.43
955 591.85 1758.54
956 227.53 1836.44
957 97.23 100.47
958 971.69 693.08
959 753.01 302.79
960 1647.78 1363.74
961 1912.72 102.45
962 1537.09 1359.57
963 759.45 357.95
964 208.41 182.54
965 915.66 1773.67
966 1109.27 301.48
967 236.77 647.96
968 1211.28 490.31
969 1022.91 363.49
970 109.86 1721.04
971 1769.83 1503.87
972 1786.5 1708.97
973 1261.67 841.34
974 356.84 355.88
975 138.53 1244.13
976 1216.79 1498.53
977 167.25 199.37
978 1815.54 1511.8
979 1893.55 195.19
980 940.69 842.35
981 222.83 1685.69
982 1642.84 1453.43
983 1542.97 1135.53
984 1622.25 1020.36
985 271.15 1425.6
986 1271.89 1541.23
987 904.9 119.54
988 170.8 1259.68
989 1070.27 784.57
990 1875.37 806.52
991 133.97 1000.7
992 1862.86 362.69
993 1434.84 884.24
994 1556.67 1648.06
995 1359.46 19.85
996 1987.23 1762.48
997 510.23 186.73
998 1127.12 446.64
999 1884.63 1061.03
1000 606.51 817.16
1001 980.21 1888.31
1002 530.31 1821.79
1003 186.85 1766.47
1004 1273.41 1352.14
1005 843.87 1310.26
1006 1415.19 1965.83
1007 534.2 1501.04
1008 1485.54 1636.84
1009 1552.28 56.21
1010 1356.78 920.39
1011 1261.75 1238.86
1012 1220.1 597.25
1013 345.86 1534.27
1014 915.18 1541.67
1015 1564.27 538.3
1016 782.32 1634.12
1017 512.92 1104.28
1018 1212.63 1253.89
1019 884.29 1706.14
1020 986.67 1540.86
1021 217.86 1274.97
1022 944.0 760.15
1023 544.71 776.5
1024 677.53 980.73
1025 1665.18 555.71
1026 139.39 1137.05
1027 455.43 926.41
1028 361.23 1080.48
1029 1596.17 53.69
1030 1838.47 1784.13
1031 359.41 1905.81
1032 1632.63 799.0
1033 1579.08 224.72
1034 26.39 1131.49
1035 484.19 818.06
1036 732.16 79.51
1037 68.57 1566.83
1038 1356.66 1017.66
1039 1451.76 1715.31
1040 303.42 1855.32
1041 1990.52 1714.79
1042 74.97 807.28
1043 616.31 660.67
1044 332.07 1697.52
1045 1693.25 1460.02
1046 1808.95 1991.89
1047 1808.62 888.44
1048 569.87 1337.02
1049 1355.17 816.45
1050 1037.15 1217.91
1051 1329.36 1712.95
1052 1142.74 794.98
1053 853.18 85.23
1054 1168.02 116.14
1055 1116.49 951.11
1056 94.14 1016.58
1057 1307.65 181.91
1058 119.42 1362.67
1059 1471.81 1484.09
1060 1473.16 1651.87
1061 1663.13 945.28
1062 173.94 777.07
1063 795.39 175.63
1064 1343.48 932.24
1065 1875.29 1157.28
1066 1958.84 66.64
1067 582.59 1790.84
1068 1216.33 1100.21
1069 1855.79 1170.69
1070 699.77 1429.66
1071 930.62 1745.79
1072 206.05 725.36
1073 388.28 1258.82
1074 1353.8 475.4
1075 510.55 1203.75
1076 1267.11 27.43
1077 1460.61 873.3
1078 487.51 513.55
1079 793.8 462.98
1080 1763.31 1431.63
1081 979.53 966.88
1082 764.33 1649.26
1083 1920.53 978.57
1084 1614.4 254.41
1085 891.77 681.81
1086 1419.8 519.33
1087 224.46 1957.82
1088 916.04 1314.81
1089 330.81 485.47
1090 286.68 1914.43
1091 1604.47 1962.07
1092 1801.75 254.49
1093 1413.42 1398.17
1094 862.47 1382.26
1095 1399.13 1314.46
1096 1364.28 446.96
1097 1391.87 934.23
1098 1806.26 90.04
1099 976.36 339.58
1100 1997.7 977.68
1101 268.4 351.12
1102 1500.15 1117.62
1103 983.74 1492.59
1104 177.73 1927.07
1105 138.8 764.23
1106 167.98 1342.11
1107 492.94 411.88
1108 76.25 250.31
1109 1791.63 587.02
1110 1707.81 1790.75
1111 1946.27 864.29
1112 912.85 562.81
1113 702.07 358.62
1114 811.09 1156.33
1115 127.44 1390.48
1116 1035.88 1916.36
1117 1438.1 190.47
1118 1926.24 49.65
1119 1913.88 496.96
1120 1866.08 570.31
1121 1033.98 501.87
1122 1737.75 1737.38
1123 1679.49 1684.07
1124 1388.54 1583.86
1125 959.43 1588.1
1126 1533.69 95.65
1127 198.13 1804.42
1128 362.66 1713.05
1129 789.54 864.04
1130 435.57 1583.33
1131 435.46 762.4
1132 528.31 1348.76
1133 684.71 1858.14
1134 687.38 1865.43
1135 305.71 1407.61
1136 377.65 1559.07
1137 1778.92 1792.11
1138 1525.01 625.56
1139 204.74 661.18
1140 881.32 1076.62
1141 1019.6 1258.9
1142 984.93 1548.63
1143 313.85 68.77
1144 235.76 1987.78
1145 73.51 1537.34
1146 1479.84 108.51
1147 1340.31 1458.51
1148 89.0 843.2
1149 1487.24 443.22
1150 958.74 1912.76
1151 1778.42 854.97
1152 1414.74 1650.87
1153 1422.04 547.46
1154 407.5 298.85
1155 591.89 70.38
1156 788.97 1944.27
1157 1117.6 1081.91
1158 1821.62 563.36
1159 1865.4 437.43
1160 744.68 60.96
1161 1206.56 765.04
1162 946.62 1635.16
1163 93.49 674.25
1164 1693.19 303.0
1165 1054.98 329.59
1166 1434.19 1282.34
1167 1235.8 389.95
1168 1528.28 55.53
1169 1701.74 943.83
1170 136.35 772.61
1171 69.3 713.08
1172 1838.31 1337.67
1173 1929.76 87.63
1174 59.58 1326.13
1175 54.5 859.72
1176 1809.27 452.16
1177 1268.79 1471.65
1178 1250.9 833.59
1179 1763.82 161.3
1180 40.84 1624.76
1181 962.34 359.97
1182 316.21 1706.72
1183 1518.06 1885.21
1184 1615.85 447.53
1185 606.55 1706.12
1186 1254.23 1049.41
1187 1845.16 1195.86
1188 363.49 281.91
1189 457.43 1645.43
1190 1892.2 1059.75
1191 154.41 1937.23
1192 1786.94 895.66
1193 966.57 1272.41
1194 721.14 645.9
1195 549.47 1067.38
1196 558.04 188.37
1197 1532.05 1246.14
1198 307.93 772.97
1199 1850.6 1866.77
1200 817.61 705.18
1201 1736.66 18.23
1202 1410.16 1235.28
1203 1224.86 578.4
1204 314.18 1042.39
1205 1914.23 1334.74
1206 1150.34 1085.99
1207 698.39 1911.04
1208 209.98 488.85
1209 1967.92 680.22
1210 1260.05 479.62
1211 783.56 1024.09
1212 142.69 855.73
1213 1065.8 1158.48
1214 1553.55 247.13
1215 1288.16 333.44
1216 1218.53 1195.39
1217 1397.46 1108.59
1218 503.85 1511.94
1219 1005.01 1663.09
1220 1704.1 1187.05
1221 1436.0 1900.93
1222 723.29 67.56
1223 224.71 810.62
1224 1571.52 1786.41
1225 1247.22 1577.49
1226 1250.71 429.37
1227 1282.3 446.71
1228 1188.43 94.87
1229 997.04 1287.8
1230 61.11 1691.2
1231 1117.26 1258.63
1232 1342.45 924.77
1233 31.43 1389.91
1234 539.21 1872.72
1235 1468.75 1297.54
1236 1298.65 1214.36
1237 1315.39 1302.66
1238 1500.73 381.31
1239 490.67 429.04
1240 355.74 536.7
1241 1901.73 1827.14
1242 1285.91 965.17
1243 392.53 1722.88
1244 180.07 281.25
1245 124.99 1148.27
1246 357.49 1430.17
1247 906.03 1962.43
1248 1362.59 992.98
1249 602.3 489.28
1250 1805.19 417.34
1251 158.25 119.74
1252 1120.85 1886.8
1253 1450.05 1797.83
1254 1040.35 1835.56
1255 279.77 1109.85
1256 1965.62 69.7
1257 163.95 1097.18
1258 1972.47 1838.97
1259 821.89 1873.73
1260 64.08 13.13
1261 672.84 101.61
1262 348.6 142.91
1263 750.89 1976.71
1264 1478.84 1721.73
1265 1944.65 1146.31
1266 577.46 727.24
1267 1224.17 1240.02
1268 70.63 764.19
1269 1617.25 595.39
1270 348.16 754.91
1271 684.4 287.07
1272 390.33 714.76
1273 919.84 865.13
1274 268.29 416.01
1275 779.04 1557.5
1276 1149.44 1173.39
1277 727.67 1395.84
1278 1384.38 457.53
1279 448.56 1597.78
1280 374.37 968.86
1281 1277.24 478.84
1282 539.0 720.04
1283 1199.57 468.33
1284 398.81 518.25
1285 8.3 1952.89
1286 86.26 559.98
1287 1126.4 36.54
1288 506.6 1915.57
1289 966.26 1870.92
1290 869.54 1486.73
1291 1228.33 42.06
1292 898.08 1683.9
1293 1071.25 1647.98
1294 1092.1 1735.55
1295 1828.04 1720.35
1296 200.72 1723.04
1297 935.35 728.94
1298 607.79 1061.85
1299 514.55 769.87
1300 1700.72 1094.15
1301 1294.85 1949.09
1302 1542.3 82.52
1303 562.3 1041.19
1304 256.39 1015.4
1305 1482.98 1817.4
1306 1107.03 1840.06
1307 369.58 949.1
1308 1086.97 861.69
1309 1488.11 909.41
1310 1600.81 1762.86
1311 890.27 986.05
1312 1967.42 1499.73
1313 1704.24 649.36
1314 695.92 1680.3
1315 1835.62 1990.66
1316 1752.91 1651.38
1317 1935.81 1924.59
1318 948.59 310.01
1319 1929.12 332.96
1320 853.56 289.6
1321 1200.64 1824.73
1322 831.53 681.93
1323 409.14 1956.79
1324 1645.06 1272.97
1325 20.37 1086.24
1326 1188.69 806.46
1327 127.94 1507.2
1328 388.66 574.07
1329 674.32 124.85
1330 1540.49 1554.1
1331 801.69 876.45
1332 679.03 929.95
1333 1182.48 65.28
1334 568.05 1333.84
1335 1636.73 496.05
1336 329.91 1789.78
1337 979.25 1976.68
1338 447.23 921.06
1339 577.88 99.46
1340 1664.06 792.46
1341 1700.54 1728.74
1342 257.05 70.53
1343 336.87 522.32
1344 705.1 782.77
1345 41.99 1192.09
1346 682.29 359.82
1347 95.83 134.26
1348 413.5 646.95
1349 79.56 1236.04
1350 1328.9 1780.9
1351 883.62 1858.06
1352 156.0 1454.07
1353 60.82 861.65
1354 1712.69 1012.75
1355 755.14 614.93
1356 978.78 1178.61
1357 680.03 301.38
1358 632.06 992.31
1359 534.37 648.43
1360 931.45 706.85
1361 1709.22 1980.66
1362 1734.04 789.84
1363 1483.49 780.04
1364 279.05 1330.51
1365 1020.89 470.42
1366 1170.96 715.68
1367 1503.28 670.11
1368 1996.66 229.64
1369 513.24 1024.61
1370 1081.7 1248.61
1371 223.95 363.51
1372 1412.99 698.92
1373 1944.36 1441.38
1374 1521.23 100.47
1375 563.79 956.12
1376 142.28 1108.27
1377 1132.73 109.04
1378 1941.64 329.2
1379 1458.53 824.23
1380 720.35 1600.65
1381 1217.3 607.43
1382 1100.53 579.67
1383 457.7 52.24
1384 1859.28 691.14
1385 331.89 1149.61
1386 280.95 290.57
1387 64.36 1170.36
1388 758.58 1995.71
1389 525.71 1574.42
1390 573.33 1747.82
1391 694.58 1388.06
1392 1869.56 1809.03
1393 852.19 953.05
1394 1136.44 778.63
1395 651.81 1044.68
1396 441.05 402.67
1397 756.2 1717.03
1398 1025.0 1518.86
1399 1557.21 1349.6
1400 1902.86 1656.79
1401 556.52 582.93
1402 1746.66 1698.36
1403 1238.43 1966.78
1404 1240.75 839.91
1405 1219.15 976.48
1406 1014.47 1640.61
1407 936.03 1596.51
1408 654.75 1506.51
1409 1580.08 1886.52
1410 197.56 822.89
1411 1304.84 1066.13
1412 722.96 1424.01
1413 1228.84 639.92
1414 1399.16 579.78
1415 382.4 650.55
1416 899.68 734.81
1417 360.41 662.77
1418 1045.34 951.29
1419 1106.23 1477.25
1420 205.72 685.59
1421 1790.53 386.32
1422 1371.09 782.15
1423 565.64 1.98
1424 490.75 1693.81
1425 759.38 473.1
1426 818.15 404.11
1427 1353.08 1144.86
1428 930.94 529.06
1429 871.33 1338.86
1430 551.98 1970.13
1431 1447.81 1200.0
1432 1072.14 955.79
1433 1147.6 262.37
1434 81.22 187.75
1435 414.09 1975.57
1436 308.62 326.8
1437 1310.65 842.85
1438 1876.7 48.45
1439 1158.52 596.25
1440 726.06 1587.09
1441 92.07 626.38
1442 56.89 1617.14
1443 1092.05 759.28
1444 1430.44 418.75
1445 441.74 958.77
1446 1828.32 485.89
1447 844.76 821.54
1448 451.8 1533.0
1449 1326.34 605.41
1450 1628.61 1261.89
1451 1400.27 1266.19
1452 150.44 1427.24
1453 531.89 1116.03
1454 83.67 1706.81
1455 1444.45 1072.83
1456 1115.02 82.55
1457 1962.15 332.92
1458 1209.99 1229.36
1459 1828.4 762.67
1460 186.92 356.35
1461 737.65 233.57
1462 1053.48 1027.71
1463 686.31 1745.46
1464 1160.03 604.08
1465 1101.17 108.89
1466 1806.34 919.14
1467 87.24 730.54
1468 1326.48 1208.82
1469 1664.29 1195.25
1470 46.39 626.74
1471 642.89 1251.97
1472 1720.95 376.28
1473 1675.9 1862.28
1474 782.44 1292.5
1475 950.2 1716.67
1476 1558.75 1619.44
1477 1958.69 1075.99
1478 645.71 1396.6
1479 455.21 414.47
1480 1333.6 1962.62
1481 1473.94 1938.09
1482 867.77 688.59
1483 739.08 127.91
1484 484.84 37.51
1485 1083.17 0.69
1486 385.65 367.56
1487 1674.32 1329.91
1488 141.33 1077.69
1489 1595.34 1410.16
1490 1252.47 1663.56
1491 1554.83 1255.39
1492 1287.06 86.18
1493 702.97 1169.54
1494 1959.99 596.37
1495 753.25 604.17
1496 1028.32 132.14
1497 195.85 23.4
1498 926.27 1858.72
1499 1906.72 442.16
1500 799.0 828.25
1501 743.16 1038.52
1502 1425.21 900.41
1503 1438.16 1412.45
1504 1516.13 1397.48
1505 1836.04 1479.57
1506 1436.61 1739.86
1507 597.52 1402.9
1508 1053.0 1151.69
1509 388.5 1228.72
1510 1107.89 238.37
1511 355.33 1840.75
1512 1608.27 14.54
1513 1654.58 375.0
1514 1475.65 997.12
1515 44.0 1746.34
DEMAND_SECTION
1 3 0 1 0 2 0 3 0 3 5 5 5 5 2 0 
2 2 0 4 4 0 0 0 1 0 0 0 3 0 5 0 
3 0 2 4 3 4 0 0 3 3 3 0 0 5 3 3 
4 0 1 0 0 2 2 0 4 0 1 3 3 3 1 1 
5 0 2 4 0 0 1 1 0 0 0 1 0 4 0 0 
6 1 0 4 5 1 0 1 4 1 4 1 1 0 5 2 
7 0 5 0 2 4 4 0 4 0 4 0 3 0 0 4 
8 3 3 0 0 0 0 0 0 0 0 5 2 1 0 0 
9 0 1 0 3 1 3 0 5 0 4 5 2 1 1 0 
10 1 2 0 0 1 5 5 0 0 0 2 5 1 5 1 
11 5 0 4 2 1 5 1 2 0 0 0 0 4 1 5 
12 1 4 2 5 0 0 2 0 0 5 0 0 5 0 1 
13 0 1 0 5 0 5 4 0 0 0 5 0 0 0 0 
14 1 0 0 0 4 0 0 5 4 0 0 4 0 5 2 
15 5 1 1 0 2 0 1 1 1 5 4 3 0 2 2 
16 0 4 4 1 0 4 2 3 1 0 0 0 1 3 5 
17 3 5 0 0 3 5 1 0 5 0 0 0 0 0 2 
18 0 5 2 4 0 0 3 5 0 0 1 1 0 5 0 
19 5 0 0 0 3 0 5 5 0 4 4 0 0 2 0 
20 0 4 5 3 4 0 0 3 0 2 5 2 3 2 1 
21 3 3 1 0 1 2 2 1 4 4 1 1 4 3 0 
22 0 5 1 0 4 4 5 4 0 2 1 0 3 4 3 
23 0 5 1 1 0 0 1 1 2 5 4 0 5 5 5 
24 0 2 3 1 0 4 4 5 3 3 0 5 0 2 1 
25 1 5 2 1 5 0 2 5 0 0 0 4 0 0 0 
26 1 0 4 5 0 1 0 3 2 1 0 1 4 3 1 
27 0 0 0 4 0 4 2 2 2 0 1 4 0 0 5 
28 5 0 0 5 2 0 5 1 1 0 5 0 0 3 0 
29 0 0 4 5 4 3 2 0 5 0 0 0 0 3 1 
30 0 0 2 2 0 2 5 3 1 5 2 0 0 2 0 
31 0 1 5 0 5 0 0 0 3 2 0 2 0 5 3 
32 0 0 0 5 0 0 4 0 0 1 4 1 0 0 0 
33 0 0 0 3 0 3 0 5 5 3 0 0 1 0 2 
34 0 5 0 2 2 5 4 0 3 0 0 3 5 2 0 
35 0 2 0 1 3 1 0 0 0 0 2 2 3 0 0 
36 2 3 0 0 0 0 0 5 0 0 4 2 0 0 1 
37 0 3 0 4 1 0 0 0 0 0 0 4 4 4 2 
38 2 5 2 5 0 3 1 2 1 0 1 1 4 0 0 
39 3 0 0 4 4 5 1 0 0 0 4 0 0 5 4 
40 0 0 0 0 2 4 0 0 0 0 2 0 0 1 0 
41 4 5 0 4 0 0 4 2 0 2 0 2 1 0 5 
42 0 3 4 3 0 3 4 0 5 1 3 0 0 0 0 
43 4 0 2 0 5 3 5 0 2 4 4 1 0 0 0 
44 5 5 1 0 1 3 0 3 1 2 0 3 4 0 0 
45 0 4 0 0 0 5 0 0 0 4 2 2 0 0 0 
46 4 0 1 2 0 1 5 3 0 2 0 0 0 1 4 
47 3 3 0 0 4 5 3 0 4 0 1 0 1 0 4 
48 0 1 0 2 0 2 1 5 4 4 0 5 2 0 4 
49 0 2 1 2 4 0 0 1 0 0 5 0 2 4 5 
50 0 0 0 5 3 4 5 0 3 5 0 1 0 2 3 
51 0 0 0 0 0 5 1 0 1 2 0 0 0 0 4 
52 0 2 0 4 4 1 1 0 0 5 4 1 0 3 4 
53 5 0 2 0 0 5 5 2 4 4 0 0 3 2 1 
54 0 1 0 4 5 4 1 0 2 0 0 3 3 4 5 
55 0 3 3 0 2 0 0 0 4 4 4 2 4 5 0 
56 5 2 4 3 2 1 0 0 3 0 2 4 0 2 1 
57 0 0 4 2 4 4 1 4 0 0 0 4 0 0 1 
58 0 5 0 3 4 0 5 0 4 0 0 0 4 0 0 
59 0 3 5 0 3 2 0 3 3 1 2 0 1 0 2 
60 0 0 0 5 3 1 0 1 4 4 0 3 0 2 2 
61 0 3 4 1 1 2 3 0 5 0 0 0 1 5 1 
62 4 0 0 1 0 5 0 5 1 0 0 2 1 3 2 
63 1 1 1 0 0 3 1 5 3 3 0 3 4 0 5 
64 2 0 5 1 0 5 0 2 0 2 1 4 0 2 0 
65 3 2 0 3 0 3 5 3 0 2 1 0 5 0 0 
66 5 0 1 0 5 0 0 0 4 0 0 4 0 1 2 
67 2 5 0 1 1 4 0 0 1 3 2 1 0 2 4 
68 2 1 0 1 2 4 0 0 3 0 2 2 0 3 0 
69 5 2 3 0 3 5 0 0 0 4 0 0 3 0 5 
70 5 1 5 3 2 0 4 4 3 2 2 0 5 5 3 
71 3 3 1 3 0 0 4 0 2 5 4 2 2 2 0 
72 0 5 2 0 0 1 4 2 4 1 0 4 0 5 3 
73 0 2 0 5 1 0 2 0 5 0 3 0 3 3 5 
74 1 4 0 4 0 2 4 3 5 2 4 2 2 4 1 
75 0 3 2 4 0 4 0 1 5 3 0 1 3 0 0 
76 0 4 0 4 3 1 3 0 5 0 2 3 0 5 4 
77 0 5 0 3 4 5 1 5 3 4 2 2 0 3 5 
78 0 5 0 2 5 3 0 0 2 2 1 5 0 0 0 
79 0 4 5 1 0 0 4 4 2 4 4 0 0 0 1 
80 3 0 2 0 0 0 2 0 3 2 0 0 1 3 0 
81 2 4 2 0 0 0 0 5 0 4 2 1 0 1 0 
82 3 4 5 1 5 1 5 2 0 4 1 0 4 3 5 
83 0 5 0 1 0 1 3 5 4 4 1 0 5 0 4 
84 5 0 0 0 3 4 3 2 0 0 4 0 0 4 0 
85 5 1 5 0 0 3 4 0 0 0 0 2 1 1 3 
86 5 0 2 0 2 1 3 0 4 5 0 1 0 3 0 
87 1 0 2 1 0 0 0 0 2 3 0 5 0 0 5 
88 1 0 0 0 1 5 1 0 1 2 2 5 0 3 0 
89 0 0 4 4 3 2 0 4 2 5 1 0 0 1 5 
90 5 2 1 5 0 4 0 5 1 3 0 0 0 0 0 
91 0 2 0 4 5 2 0 5 4 5 4 4 0 0 1 
92 4 3 0 5 0 1 0 1 1 3 5 3 0 5 1 
93 0 0 5 0 0 0 5 0 2 0 0 2 3 5 0 
94 0 0 4 0 5 2 0 0 3 2 1 4 1 0 1 
95 0 0 0 2 5 1 1 0 4 4 0 0 0 2 4 
96 0 3 2 0 0 3 0 0 0 1 5 0 0 1 4 
97 2 0 0 0 2 0 1 3 3 3 0 3 4 1 5 
98 3 3 0 1 0 2 0 4 5 0 4 1 0 3 3 
99 4 0 0 0 3 0 2 1 0 1 0 2 2 0 0 
100 5 0 4 0 3 0 0 1 0 0 3 3 4 2 1 
101 2 0 1 0 3 3 0 3 0 0 0 0 0 0 0 
102 1 1 0 3 0 1 2 5 3 0 4 5 0 0 0 
103 0 4 4 0 0 4 0 0 4 1 0 4 2 0 4 
104 5 2 1 5 3 5 5 0 5 2 2 2 0 0 0 
105 4 0 5 5 0 0 0 4 0 4 2 0 5 4 2 
106 0 0 3 0 3 0 5 0 0 1 0 0 3 0 2 
107 1 0 4 0 4 5 0 1 0 0 0 0 0 0 0 
108 2 5 5 0 3 0 1 0 3 0 0 0 5 5 5 
109 4 3 1 5 0 0 0 0 0 3 4 0 2 0 2 
110 5 0 0 5 2 5 3 0 0 4 2 0 0 3 2 
111 0 0 3 5 0 3 0 2 4 0 2 0 0 5 0 
112 0 0 0 2 1 0 0 1 1 2 3 0 3 0 0 
113 0 3 0 2 1 3 0 0 0 0 0 3 2 0 4 
114 4 0 4 0 0 0 0 0 4 3 2 0 4 5 2 
115 0 0 0 0 5 2 5 1 5 1 4 0 3 4 3 
116 0 0 5 0 3 0 0 4 5 4 5 5 0 5 0 
117 3 3 0 3 3 3 0 1 1 0 1 4 1 0 0 
118 2 0 5 2 3 0 0 0 1 1 4 1 1 3 2 
119 0 5 0 2 5 0 3 2 4 0 0 5 0 0 1 
120 4 0 1 4 0 4 1 0 2 0 0 0 0 0 3 
121 0 0 0 1 0 1 4 0 0 0 4 2 1 2 0 
122 3 0 5 1 2 0 0 0 4 0 5 2 2 3 5 
123 0 1 0 3 0 5 2 2 0 2 2 0 4 5 1 
124 1 1 4 1 1 2 4 0 0 0 1 2 3 0 3 
125 0 2 0 0 4 0 1 2 0 0 3 4 2 0 0 
126 0 0 2 0 1 1 5 4 4 0 0 4 1 0 2 
127 5 0 0 0 1 4 0 1 0 0 4 0 2 4 3 
128 0 0 0 4 0 0 0 2 0 3 4 5 0 3 0 
129 3 0 0 0 2 1 3 1 1 1 4 4 2 0 5 
130 0 0 4 1 1 0 0 0 5 4 4 0 0 0 0 
131 0 0 5 5 5 2 1 3 3 0 3 2 1 3 4 
132 0 0 0 1 4 5 0 3 0 0 2 4 3 1 0 
133 4 3 5 0 5 1 2 5 0 0 0 0 3 0 0 
134 0 3 5 0 2 2 4 0 3 4 0 0 2 5 0 
135 4 2 4 1 0 0 0 1 0 0 4 0 1 0 2 
136 0 1 0 0 5 1 3 0 5 0 4 1 0 0 0 
137 1 4 2 0 0 0 0 0 2 5 5 3 0 2 1 
138 0 3 0 2 1 3 2 0 0 2 0 1 4 0 2 
139 1 0 3 4 0 2 2 0 2 2 3 2 0 4 1 
140 2 5 5 0 1 0 0 3 3 0 2 4 5 5 0 
141 0 0 0 0 0 1 0 0 5 4 5 0 4 0 2 
142 4 2 1 2 0 5 0 3 0 1 0 4 3 1 0 
143 4 1 4 1 5 1 0 4 0 2 5 4 0 5 0 
144 5 4 0 0 4 0 3 3 3 0 3 0 0 0 5 
145 0 4 2 4 3 0 5 0 2 0 3 5 0 0 3 
146 0 1 5 0 3 0 0 0 0 1 0 0 3 0 1 
147 5 1 2 2 1 0 0 3 0 0 5 0 1 0 0 
148 2 2 1 5 5 0 1 0 4 4 4 5 0 4 0 
149 5 0 1 1 0 0 0 0 3 5 4 5 4 0 0 
150 0 2 1 1 0 0 5 0 5 3 4 1 1 0 0 
151 0 2 4 4 1 0 3 3 2 0 2 2 3 3 4 
152 0 1 0 1 5 2 0 0 3 5 0 4 0 0 3 
153 0 0 5 2 0 5 2 0 1 2 0 1 3 0 5 
154 0 0 0 2 2 2 1 1 0 2 0 1 0 0 0 
155 0 5 5 5 0 3 0 5 2 0 0 0 0 2 5 
156 0 5 0 0 5 3 0 4 0 5 1 2 1 0 4 
157 4 0 0 3 0 5 0 5 0 1 5 2 0 4 0 
158 2 0 1 0 0 0 2 5 0 0 0 0 2 3 1 
159 0 5 4 4 0 0 2 0 1 2 3 3 0 3 4 
160 0 1 1 0 0 3 3 1 0 3 5 5 4 0 5 
161 3 1 0 1 1 2 3 3 5 4 3 0 4 0 0 
162 3 4 5 0 4 0 0 0 2 2 0 3 3 2 0 
163 1 3 5 3 0 1 0 0 0 4 0 2 5 0 2 
164 5 0 0 3 2 0 5 1 4 4 0 4 0 2 2 
165 0 0 4 0 5 0 0 3 0 0 0 5 0 1 2 
166 0 2 5 0 1 2 0 4 5 0 5 0 3 0 3 
167 0 3 2 0 1 0 5 1 0 5 2 1 0 5 2 
168 4 0 0 1 0 0 0 0 0 0 3 0 3 2 5 
169 0 3 0 1 1 0 2 5 2 0 5 4 1 4 1 
170 5 2 0 1 5 0 5 1 4 1 3 3 1 3 2 
171 0 1 5 5 1 2 2 0 0 1 0 0 4 1 0 
172 0 1 5 3 5 0 3 4 0 5 0 4 0 5 0 
173 3 4 0 0 1 0 0 3 4 2 4 0 3 0 0 
174 1 0 0 5 0 0 0 2 1 0 0 0 2 1 2 
175 2 0 3 2 0 5 0 1 1 2 0 0 0 3 0 
176 0 0 2 2 3 3 1 1 0 0 0 1 0 2 4 
177 0 2 0 2 5 3 0 1 0 0 2 3 0 5 5 
178 4 0 0 5 0 5 2 4 1 5 2 4 2 0 0 
179 3 0 0 2 0 0 0 0 3 5 0 0 2 2 4 
180 0 4 1 0 0 5 3 0 0 4 1 0 5 0 4 
181 4 0 2 0 3 0 0 0 2 0 3 0 1 5 0 
182 5 1 0 0 0 5 0 2 3 3 5 4 4 0 1 
183 0 5 0 0 4 1 3 4 1 0 1 4 3 0 0 
184 0 4 2 3 0 2 2 4 0 0 4 5 0 5 0 
185 1 0 2 0 4 0 2 4 0 4 4 4 1 0 0 
186 4 0 0 1 2 0 1 2 0 2 1 1 0 0 2 
187 4 0 2 0 0 0 0 5 1 0 1 0 0 4 0 
188 5 0 3 0 0 0 1 0 1 0 0 0 3 0 0 
189 2 0 0 1 0 0 0 0 5 0 3 0 3 2 0 
190 5 0 0 2 5 3 4 1 0 2 3 2 2 5 0 
191 3 0 0 2 2 4 5 2 1 2 3 5 0 0 4 
192 0 2 5 0 0 1 0 0 1 0 1 1 2 0 1 
193 4 5 0 0 3 5 0 0 2 4 0 1 5 0 2 
194 0 4 2 1 5 3 4 3 2 0 5 1 0 1 0 
195 0 0 1 5 0 4 2 0 1 3 0 1 0 3 0 
196 3 5 1 5 0 1 0 1 0 0 5 3 0 0 5 
197 0 0 1 0 0 5 0 5 3 0 1 2 0 0 0 
198 2 0 0 3 4 0 0 4 3 1 4 0 4 2 4 
199 2 1 0 1 0 0 1 2 0 3 3 5 2 3 2 
200 0 0 0 0 3 3 3 5 2 5 5 3 4 5 2 
201 0 4 2 5 2 2 0 0 1 4 3 4 1 3 2 
202 0 0 1 3 0 0 1 3 0 0 0 5 4 0 2 
203 3 0 4 1 4 3 2 0 4 4 0 0 0 0 0 
204 0 1 3 2 3 2 5 0 1 2 0 0 0 4 2 
205 0 2 0 1 0 0 0 0 5 0 3 4 4 0 0 
206 5 4 2 1 0 2 5 0 3 0 0 4 2 4 2 
207 5 3 3 0 4 3 2 0 0 1 5 1 4 4 0 
208 0 1 2 4 2 0 0 0 5 2 0 2 0 0 3 
209 2 3 0 1 0 2 0 1 0 0 0 4 4 0 3 
210 0 0 0 4 0 5 0 1 5 0 0 0 4 0 0 
211 0 0 3 1 0 3 5 2 0 5 0 0 0 3 0 
212 0 1 0 0 0 4 3 5 0 3 0 4 2 0 0 
213 0 5 0 0 2 4 3 2 5 0 0 5 3 0 1 
214 0 1 0 2 2 0 4 4 0 3 0 5 0 4 4 
215 0 0 0 0 0 2 0 5 0 0 3 0 0 1 0 
216 5 0 0 2 3 2 0 2 4 0 1 4 0 2 4 
217 0 0 0 2 0 4 3 1 1 3 0 5 0 0 1 
218 3 0 0 4 2 0 0 2 0 3 2 0 0 0 1 
219 0 0 3 5 5 4 1 0 3 0 0 5 0 5 0 
220 0 2 0 0 4 0 3 4 3 5 0 2 3 4 0 
221 0 0 0 3 1 4 0 3 0 5 5 4 0 3 5 
222 1 0 4 2 1 0 1 0 5 0 0 1 2 0 0 
223 5 0 3 5 5 4 0 1 0 4 3 0 0 0 5 
224 3 0 2 0 4 3 4 2 5 4 0 0 0 0 5 
225 4 2 5 2 0 2 0 0 0 3 4 2 0 0 4 
226 0 5 4 0 2 0 3 0 3 4 4 5 0 5 0 
227 0 2 1 4 0 0 0 0 0 0 1 2 0 0 1 
228 0 2 3 1 2 0 1 0 0 0 3 5 1 0 3 
229 5 0 0 0 4 4 0 5 2 0 1 1 0 2 0 
230 0 0 0 0 5 3 0 0 3 0 0 2 0 1 0 
231 0 1 2 0 0 2 2 2 1 2 3 0 4 0 5 
232 0 0 0 0 3 1 1 4 2 4 4 0 0 2 5 
233 2 1 0 3 0 0 1 0 5 4 0 4 5 4 0 
234 2 1 0 0 1 1 0 0 0 1 4 0 2 0 5 
235 0 0 2 5 3 0 0 0 4 0 2 0 0 0 3 
236 5 0 4 0 4 5 5 5 4 5 0 1 0 5 3 
237 5 5 0 0 2 0 0 1 0 0 0 1 3 0 0 
238 5 3 0 0 5 0 1 0 0 5 4 2 0 1 2 
239 3 3 0 0 0 3 5 4 0 3 5 0 3 0 1 
240 4 3 0 3 0 5 2 0 0 0 0 1 3 3 5 
241 1 5 2 5 3 0 0 0 5 3 0 2 5 3 2 
242 2 4 0 4 3 0 0 1 2 0 4 2 0 0 0 
243 2 0 0 0 2 1 0 2 3 1 5 5 0 0 0 
244 0 1 2 0 4 2 0 3 0 3 1 4 0 3 0 
245 2 3 0 2 0 0 4 1 0 5 3 1 4 0 2 
246 0 0 3 0 0 0 5 3 0 0 2 5 4 4 3 
247 2 5 2 1 2 0 0 0 0 0 4 0 5 4 0 
248 1 0 0 5 0 3 2 0 1 2 3 5 5 0 5 
249 0 0 1 0 1 0 4 0 0 0 0 5 2 0 2 
250 0 1 2 0 5 2 0 4 0 2 1 5 3 5 0 
251 0 1 4 0 1 0 2 0 3 0 3 1 0 4 1 
252 4 0 0 0 0 4 2 2 1 4 4 4 4 3 3 
253 1 0 2 0 0 1 4 4 3 0 5 0 2 4 0 
254 1 2 2 0 0 1 0 0 0 2 4 2 5 2 0 
255 3 2 0 4 5 4 4 0 5 0 0 4 2 3 1 
256 0 5 4 2 0 0 1 4 2 0 0 5 0 0 0 
257 3 4 0 1 2 1 0 0 4 3 3 5 0 4 0 
258 0 1 0 0 4 1 2 0 0 5 0 1 1 0 5 
259 2 0 1 0 0 3 1 2 3 0 0 5 0 0 1 
260 0 4 0 0 3 0 5 0 2 5 2 0 5 1 0 
261 0 0 0 0 0 1 4 3 0 1 4 0 3 1 1 
262 2 3 3 0 2 4 1 4 0 0 0 1 3 0 3 
263 1 4 0 5 5 3 0 1 3 1 0 1 5 0 0 
264 0 0 0 0 5 0 0 0 4 2 3 4 0 4 0 
265 1 0 0 1 0 2 2 5 0 4 5 3 5 4 5 
266 2 2 0 2 4 3 4 3 3 0 1 0 1 0 0 
267 0 0 3 0 4 2 4 0 5 0 3 0 4 3 5 
268 0 0 2 1 5 1 1 0 0 5 5 0 4 1 1 
269 0 0 2 2 0 0 0 3 0 1 1 0 3 0 0 
270 0 2 0 0 4 0 3 4 0 3 0 4 0 0 5 
271 1 5 5 0 5 2 3 5 4 2 0 0 0 5 0 
272 1 0 5 4 0 4 0 1 3 3 2 1 4 4 5 
273 1 3 3 4 1 0 5 1 2 2 1 0 1 5 4 
274 1 1 0 0 2 5 1 3 0 4 5 4 1 0 1 
275 0 3 5 0 5 0 0 3 1 0 3 0 2 2 5 
276 3 0 3 3 0 3 0 4 4 5 1 0 0 0 0 
277 0 3 3 0 0 0 2 0 0 5 4 0 1 2 1 
278 0 3 0 2 0 0 3 0 3 5 0 0 2 4 4 
279 3 3 0 0 4 0 2 2 3 1 2 0 0 5 4 
280 1 2 5 1 0 2 2 2 1 3 0 1 0 5 1 
281 0 0 1 2 0 4 0 5 3 0 5 4 2 0 0 
282 1 2 0 0 1 0 5 2 0 0 0 0 0 0 1 
283 3 0 0 5 3 0 0 2 0 0 0 0 5 3 0 
284 0 0 1 3 0 5 5 0 5 4 0 4 2 5 0 
285 0 0 1 3 4 3 5 0 1 2 5 0 5 2 0 
286 3 5 2 3 1 5 2 0 0 0 0 5 1 3 1 
287 2 0 0 3 0 0 4 2 0 1 0 0 0 2 1 
288 0 0 0 3 0 3 5 1 5 4 4 0 3 0 5 
289 2 0 4 2 0 1 3 3 0 1 0 0 4 1 1 
290 0 0 5 5 3 0 4 5 1 3 4 4 0 0 2 
291 3 3 1 1 2 2 0 0 5 0 0 3 2 3 2 
292 3 0 5 3 1 3 4 2 0 0 0 1 3 1 5 
293 0 0 0 0 3 0 0 0 0 1 0 3 3 1 0 
294 0 0 1 3 0 0 3 4 0 0 5 4 0 5 2 
295 4 0 5 0 4 3 2 3 0 3 4 2 2 2 4 
296 5 3 4 1 3 3 0 0 0 2 4 0 0 5 3 
297 0 0 3 5 0 2 0 0 0 0 0 0 4 5 0 
298 0 0 5 0 1 0 5 0 1 2 3 3 2 1 0 
299 0 4 0 0 2 1 3 0 0 0 3 4 0 0 5 
300 0 4 0 5 0 0 4 5 2 0 2 5 0 0 0 
301 0 0 2 3 5 0 2 0 0 0 0 3 2 0 0 
302 0 4 4 0 3 0 0 0 4 0 0 5 0 5 1 
303 0 0 0 0 0 0 0 2 3 3 3 5 1 5 4 
304 0 0 0 0 0 5 0 1 1 5 1 0 5 3 5 
305 1 0 3 0 0 0 4 0 0 0 0 2 5 1 0 
306 0 0 0 3 4 0 0 2 4 5 4 4 2 0 1 
307 5 0 2 2 3 0 3 2 5 1 0 2 0 0 1 
308 0 1 0 4 3 3 0 4 0 4 3 0 1 5 4 
309 1 0 4 0 0 0 1 3 2 0 4 5 1 4 1 
310 3 1 3 4 1 0 5 0 0 5 0 0 0 1 1 
311 3 5 4 3 0 4 0 0 3 0 0 0 3 0 0 
312 3 2 5 5 2 0 3 0 2 2 0 2 0 3 4 
313 0 2 0 0 0 5 2 0 0 0 5 0 2 4 0 
314 0 0 4 4 0 0 0 4 0 2 0 2 5 5 0 
315 5 0 0 1 0 0 3 4 0 0 5 5 5 0 0 
316 0 0 0 3 1 1 3 0 0 1 1 0 0 0 0 
317 1 5 2 2 4 4 0 3 1 0 0 0 4 0 2 
318 4 0 0 0 1 4 0 4 0 5 4 2 3 4 2 
319 2 0 0 5 0 1 0 0 0 2 0 2 4 2 0 
320 0 4 3 1 0 5 5 5 5 0 0 4 0 0 1 
321 2 3 4 3 0 1 3 4 0 0 0 0 4 0 1 
322 0 2 4 0 0 1 4 4 3 3 4 4 1 0 4 
323 0 4 0 0 0 0 1 1 3 4 4 4 0 1 4 
324 1 3 3 5 4 1 0 0 4 3 0 0 2 5 0 
325 0 1 0 0 5 2 2 1 2 4 4 1 5 4 4 
326 0 2 0 3 4 2 2 5 0 0 3 4 5 1 0 
327 0 0 0 2 0 3 4 4 2 5 0 1 3 2 3 
328 0 2 0 2 0 0 3 5 0 0 0 5 1 3 1 
329 0 1 2 0 5 3 1 5 0 0 4 0 2 1 0 
330 3 0 4 3 3 2 0 0 1 5 0 5 0 2 2 
331 4 5 1 0 0 0 0 2 4 1 0 3 0 0 0 
332 2 5 0 0 5 0 0 1 0 1 4 5 2 0 2 
333 0 2 0 1 0 0 0 0 0 2 2 0 0 0 5 
334 0 0 1 1 0 1 4 0 0 0 0 2 3 1 1 
335 4 2 5 0 4 0 0 0 3 0 5 5 2 2 1 
336 1 5 1 1 0 5 0 0 2 4 0 2 2 3 5 
337 0 0 4 4 0 1 0 0 2 4 2 0 4 4 2 
338 1 0 3 0 0 5 1 0 2 0 3 5 1 3 4 
339 0 0 4 0 0 3 0 2 5 0 2 3 0 1 0 
340 1 0 1 4 4 3 0 0 0 0 0 0 4 0 0 
341 2 4 0 5 3 0 2 2 2 0 0 0 2 5 2 
342 0 2 0 2 1 0 4 2 1 2 0 5 5 3 4 
343 0 3 0 5 3 1 0 0 4 0 3 4 1 3 3 
344 1 4 1 3 0 2 0 0 0 0 5 5 2 0 4 
345 0 0 0 0 0 5 0 4 3 2 0 0 1 0 0 
346 5 0 0 5 3 3 4 4 0 4 2 4 3 5 0 
347 0 3 3 0 4 1 4 5 0 0 0 0 5 1 4 
348 0 4 1 0 0 0 4 0 0 0 1 5 0 4 0 
349 0 0 3 0 0 2 2 0 4 0 0 1 0 1 1 
350 0 2 0 4 2 3 5 4 0 3 2 3 0 0 3 
351 5 0 2 1 0 0 1 0 3 2 5 3 0 0 5 
352 2 0 2 0 4 0 0 0 3 4 0 1 0 0 3 
353 4 2 5 0 5 0 0 2 4 0 2 0 0 0 2 
354 4 2 0 2 4 4 4 5 0 0 5 2 3 0 0 
355 3 1 0 1 5 0 2 2 2 3 0 4 4 1 1 
356 3 5 4 3 2 5 0 1 2 3 5 2 2 0 3 
357 0 2 5 1 0 0 0 3 2 3 0 2 2 5 5 
358 0 1 1 3 0 2 0 3 2 4 3 0 0 0 3 
359 5 0 1 4 1 1 0 3 3 0 0 0 1 0 0 
360 4 3 2 5 1 1 0 0 5 2 3 5 0 0 0 
361 0 5 1 0 2 5 2 5 1 1 0 0 0 0 1 
362 4 0 0 1 0 1 0 0 4 3 4 0 2 0 0 
363 2 4 5 1 0 3 4 0 1 1 0 2 1 0 0 
364 1 0 0 3 0 4 4 0 4 0 4 0 1 0 1 
365 1 4 1 5 0 0 5 4 4 5 0 2 5 1 0 
366 5 0 5 0 2 4 2 3 0 5 4 4 0 0 5 
367 0 3 2 5 0 2 1 5 0 0 3 0 5 1 4 
368 0 4 4 0 5 3 0 0 0 0 0 0 0 0 0 
369 4 0 0 1 5 2 4 0 2 1 3 0 0 2 0 
370 0 0 4 4 5 0 4 3 0 0 5 2 5 0 0 
371 2 0 3 1 5 0 0 0 3 5 3 0 0 4 3 
372 1 0 1 3 5 4 0 1 0 0 4 4 0 0 4 
373 0 1 4 0 0 1 3 0 0 2 0 4 0 0 0 
374 0 3 2 1 1 0 0 3 0 1 2 0 0 2 5 
375 0 5 0 0 4 2 0 2 1 1 4 1 3 0 0 
376 2 2 0 1 1 1 0 3 5 3 4 5 0 5 0 
377 0 0 4 2 4 0 0 3 4 0 3 4 1 2 0 
378 2 5 4 0 3 3 0 0 0 0 2 5 0 4 1 
379 0 1 0 2 0 0 0 1 2 0 4 3 0 0 0 
380 4 4 5 0 5 0 2 5 0 1 3 0 4 5 3 
381 0 1 5 1 1 2 4 0 1 5 0 0 4 0 4 
382 5 4 0 4 2 0 3 1 5 0 3 0 1 0 3 
383 2 5 5 2 2 0 2 5 5 4 1 2 0 0 1 
384 1 0 0 3 0 5 5 0 5 0 3 1 3 0 3 
385 1 0 2 4 0 0 1 2 3 3 2 0 3 3 0 
386 0 2 0 0 0 3 5 0 4 0 1 0 0 1 1 
387 0 1 3 1 0 0 0 0 5 1 1 5 2 0 3 
388 1 0 0 0 2 2 3 0 3 3 1 0 3 0 1 
389 2 5 0 0 2 1 0 0 0 5 4 0 0 0 0 
390 0 1 1 2 3 3 0 0 2 3 0 1 1 0 0 
391 3 5 2 2 2 5 3 0 4 0 0 0 2 0 2 
392 3 3 3 5 4 4 1 2 1 4 0 4 0 2 0 
393 0 0 0 0 0 4 1 3 5 0 0 3 5 1 3 
394 0 1 3 1 4 0 2 5 0 2 4 0 0 0 0 
395 0 3 0 0 4 0 2 0 0 0 3 4 5 0 0 
396 0 0 4 0 2 0 4 0 0 0 0 5 3 0 2 
397 0 4 0 4 1 1 0 5 0 0 0 0 0 0 1 
398 0 1 0 0 0 3 2 0 2 0 2 0 5 0 1 
399 2 0 0 1 0 5 0 0 1 0 3 3 0 0 2 
400 0 1 0 0 0 1 1 3 1 3 5 0 0 1 0 
401 5 0 4 0 5 0 0 0 2 2 3 4 0 5 1 
402 0 0 2 0 1 5 5 0 0 1 1 5 0 0 4 
403 4 0 0 4 2 0 0 3 0 5 0 0 1 0 0 
404 0 4 1 3 1 1 1 0 0 0 5 5 2 4 3 
405 5 0 5 0 3 3 0 1 4 0 4 5 0 5 4 
406 0 3 0 4 2 4 0 0 4 2 0 0 3 0 1 
407 4 5 4 0 3 4 3 4 4 4 0 5 5 5 1 
408 4 2 2 0 0 1 1 4 4 4 3 0 3 4 4 
409 4 0 0 0 0 0 4 0 1 0 2 4 0 2 0 
410 1 0 0 3 0 3 0 2 5 0 0 0 4 0 2 
411 5 2 4 2 0 5 2 0 0 2 4 0 5 5 0 
412 4 2 0 0 0 0 2 0 2 2 0 3 0 0 4 
413 5 0 3 0 2 0 1 1 5 0 1 4 5 0 3 
414 0 0 0 1 2 1 4 2 3 0 0 0 4 3 0 
415 0 0 2 0 0 0 0 0 0 5 0 0 0 1 0 
416 4 2 2 5 5 2 5 1 1 1 5 4 1 3 3 
417 0 4 2 0 4 4 1 1 3 0 0 5 5 4 0 
418 0 0 0 1 0 0 0 0 0 3 2 0 2 4 0 
419 3 0 1 0 4 2 0 4 3 2 1 5 5 0 0 
420 0 1 1 0 3 0 0 4 2 0 3 2 0 0 1 
421 4 5 5 4 1 0 2 5 0 0 4 0 0 4 5 
422 0 2 0 0 3 3 5 4 3 4 2 3 0 5 5 
423 0 0 1 0 3 0 3 0 3 1 0 0 1 0 0 
424 0 2 0 5 2 5 4 0 0 3 0 2 3 1 2 
425 0 5 0 0 5 5 4 4 0 1 4 4 4 5 0 
426 0 0 3 5 3 4 0 1 5 0 2 0 0 0 2 
427 4 0 2 0 3 0 1 0 0 0 0 4 0 0 0 
428 0 1 0 0 0 2 0 4 2 4 0 4 4 0 5 
429 1 5 4 0 2 0 0 0 0 0 2 0 1 5 1 
430 5 0 0 1 0 0 4 4 5 4 3 0 1 0 0 
431 0 4 1 0 2 2 0 1 0 1 5 0 1 0 0 
432 5 3 0 1 0 4 0 2 1 0 1 4 3 0 3 
433 5 0 4 3 0 3 0 1 0 4 4 0 0 3 0 
434 1 0 1 5 1 3 0 0 0 0 5 0 1 5 0 
435 5 2 0 5 0 0 0 4 0 0 5 1 0 0 1 
436 0 0 0 4 5 0 3 3 4 0 1 3 2 5 3 
437 0 0 0 0 3 3 3 3 2 1 4 0 4 0 3 
438 1 2 1 4 0 2 0 0 2 1 0 4 3 0 0 
439 5 0 2 3 5 4 0 1 0 0 5 3 4 5 2 
440 1 4 0 0 4 2 2 0 0 4 1 4 0 0 0 
441 0 3 1 0 0 0 0 5 2 3 4 1 0 4 5 
442 5 0 0 0 4 0 4 3 0 5 4 5 0 3 5 
443 1 0 1 0 5 0 0 0 0 0 0 0 0 0 0 
444 0 0 2 0 0 0 0 3 0 0 3 5 0 0 5 
445 0 2 2 0 1 1 0 0 0 3 1 0 2 2 0 
446 2 4 0 0 1 2 4 0 0 0 0 0 1 0 2 
447 0 0 4 1 3 0 4 1 5 1 5 0 0 5 2 
448 1 5 0 5 4 5 0 0 0 4 2 1 4 4 5 
449 2 3 4 0 1 1 5 0 4 0 0 3 0 0 1 
450 1 5 0 2 3 4 0 5 0 0 5 0 4 0 5 
451 0 0 2 4 5 0 4 4 5 3 0 0 5 0 0 
452 5 5 4 0 0 2 1 0 5 2 0 0 0 0 3 
453 3 1 0 0 3 0 3 2 0 2 0 3 3 2 3 
454 5 5 0 0 4 2 5 2 0 1 5 0 0 0 3 
455 2 4 0 0 5 5 0 2 3 1 2 3 4 1 1 
456 0 3 0 0 5 0 1 0 0 0 0 0 1 3 2 
457 4 0 0 2 3 2 0 1 5 0 2 2 3 0 3 
458 0 0 0 4 2 1 0 0 1 5 4 1 2 5 2 
459 0 4 0 3 0 2 0 2 5 0 0 4 1 4 1 
460 5 0 5 0 5 4 0 1 0 2 0 0 2 1 5 
461 1 0 3 3 4 2 1 0 3 0 2 5 1 1 0 
462 5 0 0 4 5 5 0 0 3 3 0 5 0 0 1 
463 0 0 5 5 3 5 5 0 3 4 2 4 1 0 5 
464 2 0 5 0 3 5 5 0 0 0 3 2 2 2 0 
465 0 3 3 0 0 0 5 1 0 0 0 4 2 0 4 
466 3 0 0 0 3 0 5 3 0 2 0 5 0 0 1 
467 0 3 3 5 4 0 3 2 0 3 2 2 3 5 0 
468 0 2 0 3 0 4 0 0 2 3 0 0 5 5 2 
469 5 4 3 0 5 5 3 4 5 3 3 2 0 0 0 
470 0 5 0 5 0 0 2 3 4 4 2 0 0 0 0 
471 1 2 2 0 2 4 0 5 3 0 3 0 3 5 4 
472 2 0 0 1 1 3 4 1 0 0 0 5 2 5 2 
473 0 0 1 0 0 3 5 5 0 5 0 3 2 5 0 
474 0 1 5 3 3 2 1 1 2 4 0 1 0 1 1 
475 1 0 5 5 0 2 1 2 0 0 4 1 3 0 3 
476 2 0 0 3 2 0 0 0 0 0 0 2 0 0 4 
477 5 0 1 3 3 0 4 2 2 0 4 1 0 4 3 
478 2 5 0 1 2 5 0 1 0 0 0 0 2 0 0 
479 5 0 0 0 0 4 2 2 2 0 5 0 0 5 4 
480 0 3 1 0 0 1 0 0 0 4 5 2 0 2 2 
481 0 3 0 3 3 0 2 0 1 1 0 4 0 1 0 
482 0 4 0 2 3 0 4 0 0 0 0 3 3 5 4 
483 3 0 1 4 0 5 3 0 0 1 2 0 2 2 0 
484 4 5 3 5 0 1 1 4 4 1 1 0 2 0 0 
485 0 3 5 1 3 3 4 0 5 1 0 2 2 1 5 
486 0 2 5 0 1 4 3 0 5 5 5 4 0 4 0 
487 0 0 0 4 0 0 0 2 5 0 0 0 0 4 3 
488 0 0 0 5 5 5 5 1 0 1 0 0 0 0 0 
489 0 4 0 1 2 2 1 1 0 0 2 2 3 0 0 
490 2 5 0 0 0 1 0 0 4 0 4 4 0 0 2 
491 3 5 4 0 0 0 1 3 5 1 0 0 1 0 0 
492 1 0 4 0 4 3 2 0 5 0 1 5 0 0 2 
493 5 1 3 0 0 0 2 2 4 0 3 0 0 3 3 
494 5 3 0 4 0 5 0 0 5 2 0 3 0 5 5 
495 2 0 0 0 0 4 5 0 1 2 4 3 1 3 2 
496 0 0 0 1 0 1 0 0 5 5 0 0 2 0 0 
497 3 5 2 0 5 0 5 2 0 1 3 2 0 0 0 
498 1 0 3 0 3 0 4 0 0 0 2 1 0 4 0 
499 3 2 5 5 0 0 0 0 4 0 3 4 1 0 4 
500 0 0 0 1 4 0 0 4 0 4 3 4 0 1 0 
501 0 0 0 0 0 0 3 2 4 1 3 5 3 1 0 
502 1 1 5 2 5 0 0 5 1 3 0 5 0 5 3 
503 2 1 0 0 0 0 0 0 1 2 0 0 2 0 0 
504 0 3 3 5 3 0 0 4 3 5 3 0 0 3 0 
505 0 2 1 1 5 1 0 0 1 1 0 2 0 2 1 
506 5 0 1 4 3 5 4 0 5 1 1 0 4 0 4 
507 3 3 2 3 0 0 0 4 0 0 2 0 0 0 0 
508 5 5 0 0 4 4 0 0 2 4 0 4 0 2 0 
509 0 0 3 3 3 1 5 1 0 5 1 4 2 4 3 
510 0 5 2 5 3 4 3 0 0 5 0 5 0 0 5 
511 0 0 0 5 2 0 0 0 4 4 0 0 0 0 2 
512 5 3 1 4 4 3 2 1 5 0 3 0 1 1 2 
513 2 0 0 5 5 5 5 4 2 5 1 1 0 0 2 
514 1 4 0 0 5 0 0 5 2 0 3 5 2 4 0 
515 0 0 0 0 0 4 1 1 0 0 4 4 3 0 2 
516 0 2 2 0 0 0 0 5 4 0 0 4 0 5 0 
517 0 4 2 0 0 3 0 5 0 3 4 0 5 3 2 
518 0 0 0 0 1 2 1 0 1 0 3 4 0 4 0 
519 3 1 1 1 0 0 3 2 1 1 1 4 5 0 3 
520 1 2 2 5 2 1 4 1 4 0 1 1 2 3 4 
521 5 0 1 5 1 0 3 3 0 3 0 0 4 0 0 
522 0 1 0 1 0 0 3 4 0 0 0 0 4 1 3 
523 0 4 0 2 0 0 0 5 3 5 4 0 0 0 3 
524 1 5 0 1 4 5 1 0 0 1 2 3 5 2 0 
525 5 3 0 5 0 4 3 0 1 2 4 0 3 0 0 
526 5 0 1 5 3 1 1 3 5 1 0 2 0 4 3 
527 0 0 3 1 5 3 5 2 1 0 0 0 0 2 2 
528 5 4 0 0 1 3 2 5 0 0 0 4 0 4 3 
529 4 1 0 2 1 0 3 0 0 4 0 0 2 3 4 
530 1 0 3 0 5 4 3 2 0 3 4 4 0 4 0 
531 5 3 2 4 3 3 2 0 3 0 5 1 2 1 0 
532 0 0 4 2 5 0 0 0 4 2 2 0 5 2 0 
533 0 0 3 0 5 0 1 3 0 0 5 1 2 2 0 
534 4 3 5 0 0 0 0 0 0 5 0 0 1 4 0 
535 0 0 0 1 4 0 3 3 4 3 4 0 0 2 2 
536 2 2 5 4 4 3 1 0 5 0 4 0 3 0 1 
537 0 5 3 0 0 5 2 1 1 4 0 2 5 1 0 
538 0 2 3 0 0 0 1 4 5 0 0 0 0 1 5 
539 5 0 5 1 0 1 0 3 0 5 4 5 0 0 3 
540 4 2 0 3 0 2 2 0 3 3 0 1 5 0 2 
541 2 0 0 0 3 3 2 0 3 5 0 2 4 5 3 
542 0 3 0 0 0 4 4 0 0 5 1 0 5 0 0 
543 2 0 0 4 5 3 3 0 1 0 5 4 2 1 0 
544 0 0 0 0 1 1 0 0 1 3 3 0 0 0 3 
545 0 0 5 0 0 2 0 0 5 0 5 5 0 3 0 
546 3 3 1 4 0 2 0 4 0 5 1 4 1 0 5 
547 3 2 0 1 0 0 0 3 3 4 0 0 3 0 1 
548 4 0 1 0 5 0 1 2 1 2 3 0 2 1 1 
549 0 0 0 0 0 5 3 0 0 2 4 0 4 3 0 
550 0 0 5 4 0 2 4 0 4 5 3 5 2 4 4 
551 1 1 3 4 0 4 3 0 0 1 1 0 0 3 5 
552 5 2 4 3 5 2 5 3 4 3 0 0 2 5 2 
553 4 0 0 2 0 0 0 3 0 3 5 4 0 2 0 
554 0 0 0 0 1 4 0 5 5 5 0 0 3 4 3 
555 0 0 0 1 3 5 4 0 5 3 0 0 0 2 0 
556 0 2 0 5 1 3 0 5 1 1 1 5 3 0 5 
557 0 2 5 4 0 0 4 0 5 5 1 1 2 0 0 
558 2 0 3 1 3 0 0 1 1 0 0 5 1 5 0 
559 0 0 0 0 3 4 0 0 1 4 2 0 0 3 0 
560 2 0 3 3 2 5 5 5 2 0 0 0 2 0 0 
561 0 0 0 4 1 0 0 3 3 4 2 1 0 0 1 
562 0 0 1 3 0 0 0 2 5 0 3 3 1 5 1 
563 0 3 0 1 2 5 0 3 3 4 5 1 0 2 0 
564 4 3 4 0 4 1 0 3 0 0 2 0 0 3 0 
565 5 1 1 0 0 0 2 0 2 1 5 5 0 2 5 
566 3 0 2 1 5 2 0 4 1 4 1 0 4 4 4 
567 0 0 3 0 0 1 4 4 0 2 0 0 3 1 1 
568 3 5 0 1 2 2 0 5 1 0 0 0 0 5 0 
569 0 0 0 0 0 0 0 0 5 1 4 3 0 1 0 
570 1 2 0 4 2 2 0 4 0 0 5 0 3 2 3 
571 0 0 0 4 1 0 0 3 0 0 4 0 0 1 3 
572 5 0 4 4 0 0 4 0 4 1 4 5 0 3 0 
573 5 2 2 4 0 0 2 0 0 2 5 1 3 4 5 
574 0 5 3 0 0 0 0 4 3 0 2 0 2 2 1 
575 0 1 4 2 3 0 1 2 0 4 0 1 4 4 1 
576 1 3 4 0 0 0 3 5 0 0 1 5 4 0 4 
577 0 3 1 3 5 1 0 0 0 3 0 2 5 0 4 
578 3 0 1 1 3 0 0 0 1 2 4 0 5 3 0 
579 1 1 1 0 3 0 0 5 0 0 5 1 5 0 0 
580 0 2 3 0 0 3 0 1 3 3 2 2 0 5 4 
581 4 0 5 2 4 5 0 0 4 0 0 1 4 1 0 
582 4 4 2 0 2 2 2 5 1 0 4 0 0 1 5 
583 0 0 3 0 4 0 3 3 0 4 0 4 0 5 0 
584 2 0 2 1 0 0 0 0 5 1 5 1 4 4 3 
585 0 0 4 4 4 0 0 0 0 5 0 3 3 0 0 
586 0 0 4 5 3 5 4 1 1 0 0 0 0 3 0 
587 4 1 1 0 5 4 0 0 4 0 0 0 2 3 0 
588 2 1 3 0 0 0 0 0 2 1 4 0 2 4 0 
589 1 5 0 0 0 1 5 2 0 0 4 0 2 3 0 
590 1 0 3 4 0 4 3 4 0 0 0 4 1 4 3 
591 3 0 0 0 2 0 5 2 0 0 0 3 4 0 4 
592 0 2 0 0 0 0 0 0 0 5 1 2 3 2 1 
593 0 0 4 5 2 0 0 0 5 0 0 4 0 0 1 
594 1 2 5 3 3 0 0 0 4 0 4 1 0 0 4 
595 5 5 3 5 0 1 4 3 3 4 3 5 5 4 5 
596 3 0 3 2 2 2 0 0 0 4 0 3 0 2 1 
597 2 0 0 4 5 4 2 0 0 5 0 0 0 0 0 
598 0 1 0 4 0 2 0 0 0 2 1 4 1 3 0 
599 1 0 2 0 0 0 0 0 0 3 0 0 0 2 1 
600 2 0 2 0 2 0 0 0 0 2 0 0 1 1 3 
601 2 0 4 4 4 0 0 0 0 0 0 3 3 4 0 
602 3 0 0 3 1 1 1 2 0 1 2 5 3 5 1 
603 0 4 5 2 5 3 2 3 4 4 3 1 0 5 0 
604 4 0 0 4 0 4 1 4 2 5 0 4 0 0 3 
605 0 5 0 4 3 5 5 4 1 0 0 1 5 1 0 
606 2 5 0 3 0 0 0 0 1 0 0 0 5 3 0 
607 0 0 0 0 2 0 2 0 4 0 3 3 0 0 5 
608 2 0 5 0 2 4 5 3 3 0 0 3 3 5 1 
609 0 0 0 0 2 4 4 2 2 0 0 4 0 1 4 
610 0 0 5 0 0 0 0 4 4 3 4 5 0 2 0 
611 2 4 4 0 0 2 0 0 0 3 1 4 4 0 2 
612 3 2 1 0 1 0 1 5 0 2 2 1 2 0 0 
613 4 3 0 0 2 0 0 0 3 0 0 0 2 0 1 
614 1 1 0 3 0 2 1 5 0 0 4 1 1 0 1 
615 3 5 0 0 0 4 2 1 3 2 1 0 0 1 0 
616 2 2 2 0 5 0 1 5 0 3 3 3 0 4 4 
617 5 1 3 3 4 0 2 2 2 5 0 0 2 4 0 
618 1 2 0 4 0 1 0 0 4 0 0 5 2 1 4 
619 4 1 2 3 4 1 4 0 0 0 0 0 3 0 0 
620 0 1 4 0 4 3 0 2 0 4 2 3 4 2 0 
621 0 0 1 5 5 5 0 4 5 4 3 3 1 1 0 
622 1 5 0 4 4 1 5 0 0 5 0 0 0 3 0 
623 4 5 0 1 0 1 4 5 0 2 5 3 5 2 5 
624 0 0 0 0 4 5 4 0 2 5 5 0 0 0 2 
625 0 0 2 1 4 0 5 1 1 0 5 0 4 1 0 
626 2 1 3 3 1 3 3 0 4 5 0 5 2 4 0 
627 3 0 1 4 4 2 5 0 4 1 1 4 0 4 0 
628 4 0 0 0 4 0 5 5 1 4 1 1 0 0 1 
629 0 0 0 0 4 0 4 3 1 0 0 2 0 1 0 
630 3 5 0 4 2 3 0 4 2 4 0 0 0 0 0 
631 0 1 4 4 2 3 3 0 4 0 0 1 1 4 1 
632 1 0 4 0 0 5 0 0 5 0 1 0 5 3 5 
633 0 0 3 5 4 0 0 0 3 5 0 3 0 0 4 
634 5 5 0 4 3 0 0 2 3 4 2 0 3 1 0 
635 5 4 0 2 0 0 0 0 3 5 0 0 3 0 0 
636 4 5 0 0 0 0 0 0 4 4 0 3 4 0 2 
637 3 0 0 2 1 3 2 3 0 3 0 1 5 0 0 
638 3 0 0 0 0 0 5 3 0 1 5 4 2 0 5 
639 0 0 1 0 1 3 4 2 0 5 0 1 3 0 4 
640 2 1 2 5 2 0 2 0 1 0 0 0 1 0 1 
641 0 1 0 0 0 5 0 3 0 0 0 2 3 0 2 
642 0 0 4 0 0 0 5 0 3 0 0 4 0 0 2 
643 2 1 1 0 5 0 5 0 0 0 0 3 3 2 0 
644 4 2 0 2 3 0 5 0 1 0 3 0 1 0 1 
645 2 1 0 2 1 0 1 0 2 4 1 3 0 4 0 
646 0 3 0 0 0 5 3 0 2 0 0 0 0 1 2 
647 0 4 5 0 2 4 0 0 1 0 4 0 1 3 2 
648 2 0 2 2 0 4 0 0 1 2 2 3 0 2 5 
649 2 5 5 2 3 2 3 0 2 0 0 1 0 0 1 
650 2 3 1 4 4 4 3 1 0 0 0 2 0 2 0 
651 4 0 4 5 1 1 4 4 0 0 2 1 2 4 0 
652 2 0 4 2 0 0 0 0 0 4 0 5 1 3 1 
653 3 4 1 0 0 0 1 2 0 0 4 0 1 0 0 
654 5 0 2 2 0 3 0 1 0 2 3 2 0 1 0 
655 0 1 0 4 4 1 0 5 0 0 0 2 0 3 2 
656 2 1 4 1 0 5 0 3 0 0 0 2 5 1 0 
657 5 0 3 2 1 4 2 0 0 4 3 3 0 0 0 
658 2 2 2 3 0 0 1 4 0 3 0 0 2 3 1 
659 0 5 1 1 2 0 5 0 5 5 0 4 0 3 5 
660 2 0 2 3 2 3 4 0 3 0 3 0 4 1 0 
661 2 0 5 4 0 1 5 0 3 0 0 4 0 1 3 
662 0 3 0 1 4 1 2 2 2 2 0 2 5 2 2 
663 0 0 3 0 5 3 1 1 3 3 4 0 3 4 5 
664 2 2 4 1 0 0 1 1 3 1 5 2 2 0 4 
665 0 5 2 3 3 4 4 4 5 2 4 0 5 1 3 
666 0 1 4 2 0 0 4 0 1 3 1 0 2 3 5 
667 4 0 0 0 5 3 5 1 0 0 5 4 0 3 0 
668 0 0 0 1 5 4 1 1 0 3 0 2 0 3 1 
669 0 0 5 5 0 5 3 0 2 0 3 0 2 5 4 
670 1 0 0 4 4 1 1 0 3 3 1 0 0 4 0 
671 5 0 0 0 0 0 4 0 2 1 0 0 2 1 0 
672 4 5 0 1 3 0 0 0 4 5 2 3 2 0 3 
673 3 3 0 0 0 0 1 0 0 0 0 0 4 0 0 
674 3 0 0 0 4 1 2 3 0 0 0 0 0 5 0 
675 0 4 0 0 4 4 0 1 3 0 0 1 0 0 4 
676 0 2 5 3 4 0 0 4 0 3 0 3 0 4 4 
677 0 2 0 0 5 0 2 0 0 0 2 2 0 5 3 
678 1 2 3 0 0 0 0 0 4 2 2 0 5 2 1 
679 3 0 3 0 0 3 2 0 3 4 4 0 1 2 0 
680 0 0 3 1 3 4 3 0 0 4 2 1 3 1 4 
681 1 4 2 5 0 4 0 0 0 1 2 0 1 1 1 
682 0 2 0 3 2 3 2 0 0 4 0 2 0 3 1 
683 4 5 0 1 2 0 1 0 4 4 0 0 0 0 1 
684 0 2 3 4 5 4 0 4 4 3 0 4 0 0 2 
685 1 0 0 1 2 3 1 2 0 1 0 2 0 3 0 
686 1 4 0 0 2 3 1 3 0 1 2 0 3 0 5 
687 0 2 0 5 4 0 3 2 1 0 0 4 5 4 0 
688 0 0 0 0 1 5 5 4 0 0 0 0 4 0 0 
689 0 1 0 0 0 0 2 4 0 4 0 0 0 0 0 
690 3 0 4 4 0 0 1 0 1 5 0 0 0 5 0 
691 0 1 0 0 0 0 1 1 1 4 2 3 2 1 3 
692 0 2 3 3 4 5 2 2 1 0 5 0 0 0 0 
693 0 5 2 0 0 3 2 0 2 3 4 2 0 0 3 
694 0 1 1 0 0 2 0 0 0 0 3 2 0 2 3 
695 5 0 3 0 0 1 0 0 1 5 0 0 0 2 5 
696 2 2 1 3 0 3 4 1 1 0 0 4 0 1 0 
697 0 3 3 3 0 2 3 0 2 3 0 0 0 0 0 
698 0 0 4 4 1 0 1 5 0 2 4 2 4 1 2 
699 4 0 0 3 0 0 1 4 4 5 0 1 0 5 2 
700 0 4 0 2 0 0 0 2 0 1 1 5 3 4 0 
701 0 0 0 0 0 5 5 0 4 4 3 4 0 0 3 
702 3 1 2 0 1 1 5 1 2 0 2 1 0 2 0 
703 3 0 2 4 0 0 3 3 5 2 5 2 0 0 4 
704 0 0 5 0 0 5 3 0 0 3 4 3 3 0 4 
705 1 2 4 4 0 5 4 4 0 1 2 4 4 1 4 
706 5 0 5 4 2 4 2 5 2 3 1 1 2 0 0 
707 0 1 0 3 4 3 1 3 4 0 2 4 0 0 4 
708 5 0 0 5 2 3 1 5 0 0 5 0 3 1 2 
709 0 0 0 0 0 5 3 5 0 3 0 1 5 1 2 
710 0 3 5 2 0 1 1 0 5 0 5 0 4 0 1 
711 5 0 5 3 5 0 0 0 0 3 2 0 3 0 0 
712 3 0 3 0 0 0 0 4 5 0 5 0 0 4 3 
713 0 4 4 4 4 1 0 3 0 4 1 5 3 2 0 
714 0 0 0 2 0 2 2 0 0 0 0 4 0 4 0 
715 0 0 4 2 4 1 0 0 0 0 2 3 1 0 0 
716 0 0 5 4 2 4 0 5 0 2 0 0 0 4 3 
717 0 3 0 1 0 1 2 5 5 0 5 4 0 0 0 
718 3 0 5 0 0 3 3 0 3 0 1 5 0 1 1 
719 5 2 4 5 2 4 0 2 0 0 3 2 0 5 2 
720 1 0 0 0 4 5 0 2 0 0 3 0 2 1 3 
721 3 2 0 4 0 0 3 0 4 5 3 0 0 0 0 
722 2 2 0 0 1 2 0 3 4 0 0 4 0 3 0 
723 4 3 0 2 0 5 0 2 4 0 2 4 5 0 2 
724 2 0 5 0 0 4 3 5 0 0 3 3 0 2 0 
725 0 2 0 5 0 5 4 0 1 0 2 3 3 5 5 
726 0 5 3 0 2 1 1 0 5 2 4 2 0 2 1 
727 0 3 3 5 1 0 3 1 0 1 0 2 0 4 4 
728 4 3 4 2 5 1 5 3 0 0 4 1 1 0 0 
729 4 1 5 5 1 0 5 5 2 4 0 5 4 0 4 
730 3 0 1 0 0 0 0 0 5 4 0 4 0 0 4 
731 5 3 3 0 2 1 0 3 2 1 0 0 0 1 0 
732 0 0 1 0 3 0 1 0 0 3 0 5 4 4 2 
733 3 4 5 1 3 0 2 2 0 0 1 0 3 0 0 
734 4 0 0 0 2 0 5 2 0 0 0 3 5 0 4 
735 2 4 3 0 0 4 1 1 1 4 0 2 5 1 1 
736 1 4 4 0 5 1 0 4 3 5 4 3 0 1 0 
737 3 0 0 0 4 0 3 0 0 0 5 0 0 0 2 
738 0 0 5 5 3 5 5 0 4 0 1 0 4 3 0 
739 3 0 0 2 5 0 0 4 0 2 4 0 2 5 4 
740 4 2 0 4 0 2 0 4 4 2 0 0 4 0 0 
741 2 4 0 5 0 3 4 1 3 0 3 1 4 5 5 
742 3 0 1 0 0 4 4 1 5 0 2 2 1 3 0 
743 0 0 2 5 1 0 0 3 3 0 0 0 0 5 5 
744 4 4 2 0 0 5 2 0 5 2 1 5 2 0 5 
745 1 3 5 0 5 0 1 4 1 4 5 0 3 0 0 
746 0 0 0 3 2 4 1 5 2 0 4 0 3 0 3 
747 3 1 0 2 0 0 3 5 3 3 0 2 0 0 1 
748 5 3 0 1 0 4 0 3 2 5 0 0 0 0 0 
749 2 0 4 0 2 0 0 0 1 3 2 0 3 0 0 
750 0 5 4 5 1 0 5 4 0 5 0 3 1 0 2 
751 3 0 0 3 0 4 1 2 0 3 1 0 3 3 1 
752 1 5 0 2 0 3 4 1 0 5 0 0 3 3 2 
753 0 2 4 2 3 0 0 5 4 0 4 0 0 3 2 
754 2 5 4 0 2 3 5 2 1 3 0 5 0 4 3 
755 0 2 1 4 1 2 1 0 3 0 0 1 0 2 1 
756 0 4 0 0 5 3 0 0 3 3 0 4 1 0 0 
757 5 0 5 4 1 1 1 0 0 0 5 1 1 1 1 
758 2 4 2 5 2 4 2 4 3 5 0 4 0 0 0 
759 2 0 3 0 0 0 3 0 0 0 3 4 5 0 0 
760 0 0 2 2 0 0 4 2 1 0 0 0 1 0 2 
761 0 3 4 4 0 0 3 2 1 2 5 0 3 4 5 
762 0 0 3 3 0 5 5 5 0 0 3 3 1 0 5 
763 5 0 0 1 2 4 2 5 4 2 1 4 3 0 0 
764 1 0 1 1 0 4 1 0 0 2 3 4 5 4 0 
765 5 3 5 0 0 4 5 3 0 0 5 0 3 0 0 
766 2 0 3 4 0 5 5 3 4 2 2 0 0 5 3 
767 2 4 4 0 3 0 4 0 5 4 3 0 2 4 0 
768 0 1 1 4 0 3 3 3 0 3 4 5 1 4 1 
769 0 0 4 0 0 0 4 0 0 0 0 0 5 5 1 
770 4 0 2 0 0 0 0 4 4 0 0 3 1 2 3 
771 4 5 0 0 3 0 4 0 3 3 3 0 1 5 1 
772 0 5 0 5 0 0 0 5 0 0 3 3 1 1 0 
773 3 4 3 3 4 1 0 2 3 0 1 0 0 1 0 
774 2 2 1 3 5 3 4 1 0 0 0 0 5 4 4 
775 0 0 2 0 0 0 0 0 0 0 3 4 3 3 3 
776 0 0 4 0 3 2 0 0 0 5 0 3 2 2 1 
777 0 3 0 1 0 0 0 0 5 5 2 0 2 4 5 
778 0 2 0 3 0 5 1 4 0 4 3 2 3 0 2 
779 1 2 2 2 0 2 0 0 1 5 4 3 4 3 0 
780 3 5 1 0 1 0 0 3 2 1 3 4 0 0 2 
781 2 4 0 4 0 0 5 0 4 0 0 0 0 3 5 
782 4 3 0 4 1 5 0 0 0 0 0 0 3 3 3 
783 0 0 2 0 0 0 5 3 4 3 0 1 4 3 0 
784 2 4 1 0 0 0 0 0 0 3 0 5 2 0 0 
785 0 1 0 4 5 0 5 0 2 1 4 3 5 2 0 
786 4 1 0 0 3 0 0 5 1 3 0 2 4 0 2 
787 5 1 0 4 1 0 2 0 5 2 3 5 5 0 0 
788 0 1 3 3 0 2 3 5 5 0 1 3 2 3 5 
789 0 0 0 0 0 1 3 0 0 0 4 0 4 0 0 
790 0 5 2 4 0 0 3 4 3 0 1 0 0 0 5 
791 3 0 1 2 4 2 0 1 1 5 5 0 3 0 4 
792 0 5 3 0 4 2 0 3 4 5 4 3 5 4 0 
793 3 5 1 0 0 3 0 0 2 4 0 0 3 3 5 
794 4 3 0 0 0 0 1 3 3 0 4 0 3 0 3 
795 2 0 0 1 0 0 0 0 4 0 2 3 2 5 3 
796 0 2 3 4 4 2 0 4 0 3 4 0 0 3 2 
797 3 0 5 3 0 0 2 0 1 4 3 0 0 5 5 
798 2 0 3 0 0 1 1 0 0 3 3 3 1 0 1 
799 0 2 0 2 0 3 4 0 0 2 0 2 0 0 1 
800 0 0 0 0 4 2 0 4 1 4 3 5 0 0 1 
801 3 4 0 0 3 0 1 3 3 2 0 0 2 0 1 
802 2 1 0 5 0 0 3 0 2 5 0 3 0 2 5 
803 0 4 5 0 0 4 0 1 2 0 2 3 0 2 2 
804 1 0 1 0 5 4 0 0 0 4 5 0 2 2 1 
805 1 0 0 2 0 2 2 2 5 4 0 5 1 3 3 
806 0 0 4 0 4 0 1 0 1 5 0 0 0 2 0 
807 5 2 0 5 4 5 2 3 5 4 0 5 0 0 4 
808 0 5 0 1 5 0 4 5 2 3 1 1 1 0 0 
809 0 0 0 4 0 0 0 0 0 0 4 0 2 3 1 
810 4 0 4 1 2 2 3 5 0 1 0 1 5 0 1 
811 5 0 2 1 0 0 5 1 3 3 4 0 2 0 5 
812 0 5 2 0 1 0 1 0 1 0 0 0 0 0 0 
813 5 4 5 0 3 0 1 0 0 0 0 4 0 0 3 
814 1 3 0 4 5 0 0 0 0 0 0 4 2 4 2 
815 4 0 2 2 3 0 1 5 2 5 0 0 0 0 2 
816 1 3 0 2 3 5 5 3 0 2 0 5 0 0 4 
817 2 2 1 5 0 0 1 0 3 0 2 0 2 4 2 
818 3 3 4 0 3 1 0 0 0 1 5 1 4 3 3 
819 0 0 0 0 5 0 0 0 1 0 1 1 5 0 0 
820 1 4 0 2 0 0 4 0 0 0 2 0 0 2 1 
821 3 0 3 0 1 5 0 1 0 0 0 5 0 1 1 
822 1 2 1 0 0 0 0 3 5 0 0 5 0 0 0 
823 4 4 0 0 0 2 0 0 1 2 4 0 0 4 2 
824 0 0 5 0 2 2 0 2 0 0 0 0 5 0 1 
825 0 0 1 4 2 0 2 0 3 0 4 1 5 0 0 
826 3 1 5 0 0 0 4 0 0 4 4 4 1 5 0 
827 0 2 5 3 0 0 0 5 0 3 1 0 0 2 0 
828 1 1 0 3 0 0 5 4 0 0 0 2 0 2 1 
829 2 3 5 5 5 5 4 0 0 0 4 3 0 0 0 
830 0 1 0 2 4 4 4 2 0 0 2 0 3 0 2 
831 0 0 2 0 3 0 3 5 0 3 0 5 0 5 1 
832 1 3 4 1 1 3 5 0 3 4 4 0 3 0 5 
833 0 5 3 0 0 0 4 2 0 4 4 1 2 4 0 
834 0 1 5 0 5 2 0 0 3 3 0 4 4 3 2 
835 0 2 5 4 3 4 3 1 0 1 4 0 0 3 0 
836 1 0 2 0 0 4 5 4 3 1 1 1 4 4 0 
837 3 0 4 0 0 2 2 4 5 2 0 4 0 0 2 
838 4 0 0 0 5 0 4 0 0 1 4 4 0 0 3 
839 0 3 0 5 2 5 0 0 1 5 3 1 0 2 1 
840 3 0 4 3 0 1 3 0 0 2 2 0 0 5 2 
841 0 1 2 5 3 0 5 4 0 0 2 4 0 3 4 
842 3 0 2 0 4 0 0 0 0 5 4 0 0 0 0 
843 1 5 4 3 0 5 0 0 0 1 0 0 1 5 0 
844 0 0 3 0 3 1 0 0 0 4 3 4 0 0 0 
845 3 0 2 4 2 0 1 4 4 5 0 0 0 4 0 
846 2 0 0 4 0 2 5 0 0 0 3 4 5 5 0 
847 0 5 0 5 1 1 0 0 0 4 3 1 0 2 0 
848 4 3 4 0 0 0 1 0 2 5 0 2 0 5 0 
849 0 0 0 0 3 0 0 4 0 0 0 0 3 0 0 
850 0 3 0 0 3 2 0 0 0 3 1 2 0 3 0 
851 4 4 1 0 3 0 1 0 5 1 4 3 4 1 0 
852 5 0 2 3 0 4 3 4 3 0 1 1 0 3 5 
853 4 0 4 0 3 0 1 0 3 0 0 2 0 3 0 
854 2 3 3 0 0 0 0 4 0 0 3 0 0 0 1 
855 0 0 2 5 1 1 0 0 1 3 0 2 0 0 0 
856 1 0 2 2 3 0 3 1 0 3 0 2 4 4 2 
857 1 5 0 5 0 3 0 3 4 2 1 3 0 0 0 
858 0 3 0 0 0 0 3 0 0 4 0 1 4 0 3 
859 2 0 0 1 4 4 2 3 0 2 0 0 2 3 2 
860 1 0 0 0 0 0 4 3 0 3 0 5 0 0 0 
861 0 0 5 0 5 0 5 4 5 0 0 3 2 0 2 
862 1 5 3 2 4 1 2 0 5 0 3 4 3 1 1 
863 4 0 0 0 0 0 5 3 5 1 1 5 0 0 0 
864 0 4 0 2 5 0 5 0 0 4 4 4 2 3 3 
865 1 1 3 0 0 0 4 2 0 0 0 0 2 0 1 
866 0 5 1 2 3 4 3 4 0 0 3 1 0 5 0 
867 1 3 2 0 0 2 4 4 0 0 0 1 2 0 0 
868 2 0 5 0 3 0 0 0 0 0 1 0 2 1 0 
869 5 3 5 1 5 0 0 0 0 1 4 4 3 4 0 
870 4 5 0 0 0 4 5 2 4 0 0 2 3 3 2 
871 4 4 4 4 0 3 4 0 1 3 3 2 2 0 3 
872 5 3 5 4 4 3 2 4 3 1 1 1 2 0 0 
873 0 2 0 2 4 4 0 0 0 4 0 0 5 4 0 
874 2 0 2 1 0 0 5 0 5 3 0 0 0 2 0 
875 4 0 0 2 0 4 0 0 3 0 2 5 5 3 0 
876 4 0 1 2 4 0 1 0 0 0 0 0 1 0 0 
877 0 1 0 1 2 0 0 1 0 3 0 0 1 0 0 
878 4 1 1 4 1 2 2 2 0 0 0 0 0 0 0 
879 5 0 0 0 3 0 0 0 0 0 0 0 2 3 1 
880 2 5 4 0 5 5 0 2 2 0 0 3 2 0 5 
881 0 2 0 1 3 0 0 2 2 4 0 5 0 3 2 
882 2 5 4 0 0 1 0 0 0 0 1 1 5 2 5 
883 0 0 1 0 0 5 3 0 0 4 0 0 2 2 4 
884 0 0 2 1 1 0 2 0 0 2 0 1 0 4 0 
885 0 3 4 0 4 0 0 3 3 1 2 5 0 0 5 
886 0 1 2 1 0 0 0 4 0 5 4 3 4 0 0 
887 2 1 3 0 0 1 4 0 0 4 1 3 0 0 4 
888 0 0 1 0 0 0 4 1 2 3 4 0 2 5 5 
889 0 1 4 0 0 4 0 3 1 2 0 1 5 0 3 
890 4 5 2 5 5 1 0 0 0 4 3 2 2 0 2 
891 0 5 3 4 0 3 4 5 5 5 0 0 2 5 0 
892 5 3 0 0 1 0 1 0 5 0 0 0 5 2 2 
893 0 3 3 0 5 3 3 4 4 1 0 2 4 1 0 
894 0 0 3 4 0 3 0 0 3 2 0 3 0 0 0 
895 3 0 1 5 0 0 4 4 0 5 3 0 0 4 0 
896 1 3 2 1 0 5 0 0 1 5 3 5 0 0 3 
897 1 5 0 0 5 1 5 4 0 4 4 0 4 5 4 
898 2 0 0 0 0 4 5 2 3 3 0 1 0 3 0 
899 2 0 1 1 0 0 0 5 0 0 2 0 2 4 2 
900 1 1 0 5 4 3 4 4 0 3 0 3 0 1 4 
901 4 2 4 5 2 1 2 5 0 0 1 0 0 0 0 
902 3 0 3 0 1 3 0 5 5 0 0 0 0 0 5 
903 0 0 0 1 1 0 0 5 5 2 4 0 0 2 1 
904 2 1 0 0 0 1 1 0 0 0 4 0 0 0 0 
905 0 0 3 1 0 4 5 1 0 0 4 0 1 2 0 
906 0 1 3 2 1 0 4 5 4 3 3 2 4 4 1 
907 0 3 0 0 0 1 0 0 0 2 2 5 0 1 2 
908 0 1 1 3 1 0 5 1 0 0 3 2 0 2 2 
909 2 1 4 4 3 5 1 0 2 1 3 5 1 0 0 
910 5 3 1 2 2 3 0 0 3 0 0 0 0 0 0 
911 5 3 0 2 4 0 4 5 0 0 0 5 4 0 0 
912 4 1 0 0 0 0 4 5 1 0 4 0 3 4 0 
913 5 0 0 4 3 2 1 3 5 0 0 0 3 5 2 
914 5 5 0 0 0 1 4 0 0 0 0 0 4 2 0 
915 0 2 0 0 5 3 0 0 2 3 4 3 2 3 3 
916 0 4 0 0 0 2 0 4 0 1 4 0 4 0 5 
917 4 4 4 4 2 1 5 0 5 2 4 0 0 2 3 
918 1 3 1 3 2 0 0 0 4 0 0 0 3 2 3 
919 0 4 4 1 1 4 1 0 2 0 2 4 4 0 1 
920 2 0 1 1 1 3 4 1 2 0 2 2 0 1 5 
921 2 2 3 3 4 0 5 5 0 0 5 0 2 2 0 
922 4 3 3 1 0 0 2 1 0 4 3 0 0 0 3 
923 2 5 4 0 0 0 5 2 4 5 1 0 1 4 1 
924 4 1 0 0 4 1 0 1 0 3 0 0 4 0 4 
925 4 0 0 0 2 1 1 3 0 0 5 0 2 0 5 
926 4 5 2 3 1 5 5 0 0 0 0 1 2 1 0 
927 0 3 2 0 3 5 2 5 2 1 0 5 3 4 2 
928 0 4 2 3 5 5 3 0 5 0 0 0 0 2 1 
929 0 2 2 5 0 0 0 2 3 0 0 0 1 0 2 
930 5 0 0 2 3 0 0 3 0 3 0 1 0 5 4 
931 0 0 5 3 3 1 0 0 0 0 0 3 0 4 1 
932 4 5 1 0 0 5 5 0 2 0 5 1 0 0 0 
933 0 0 3 3 5 3 4 4 0 4 3 0 4 0 0 
934 4 5 4 5 0 4 2 0 0 2 5 3 0 0 5 
935 3 5 0 4 0 0 1 4 1 5 4 0 1 2 5 
936 3 1 0 3 3 4 0 0 0 0 5 3 4 0 0 
937 0 5 2 2 1 0 3 3 1 0 4 0 5 4 1 
938 0 0 5 4 0 3 1 0 0 3 0 3 2 5 3 
939 0 2 3 3 4 3 3 0 0 0 0 3 1 0 4 
940 4 2 0 0 0 4 3 0 2 0 4 3 0 0 1 
941 0 0 0 4 4 1 4 2 0 2 3 2 4 0 3 
942 2 5 2 0 3 2 1 5 2 2 3 3 3 5 0 
943 3 1 2 0 0 2 2 0 2 0 0 1 0 3 0 
944 0 4 4 0 4 0 3 5 2 0 4 0 0 3 0 
945 5 0 3 0 0 0 2 0 3 0 1 1 0 2 0 
946 5 0 0 2 4 5 1 4 5 0 4 5 1 0 0 
947 0 1 2 1 0 0 0 2 1 1 4 2 3 0 5 
948 5 0 0 0 2 1 3 0 1 0 2 4 1 5 1 
949 5 0 2 0 4 0 3 4 3 1 0 2 3 4 0 
950 0 0 5 1 5 0 0 0 0 1 0 0 0 0 1 
951 2 3 5 0 3 0 1 2 0 2 1 1 2 1 4 
952 0 0 5 5 2 5 4 2 3 0 1 5 1 0 0 
953 5 4 0 5 1 1 0 0 5 0 4 0 1 0 5 
954 0 0 3 0 2 0 1 2 3 0 0 5 0 0 0 
955 1 3 5 4 4 0 5 2 4 3 2 0 5 0 3 
956 0 5 2 1 0 5 0 3 4 3 0 1 0 0 4 
957 0 2 1 1 0 0 3 0 2 3 4 3 2 1 1 
958 2 1 0 0 5 0 2 1 0 3 5 0 3 4 2 
959 1 2 0 2 0 0 0 0 4 2 4 0 4 4 5 
960 5 2 4 5 2 0 1 4 2 5 2 0 0 5 0 
961 0 4 5 2 0 4 0 0 1 0 2 3 1 0 0 
962 4 0 5 5 1 4 0 4 4 2 3 0 3 0 0 
963 2 0 1 5 5 4 1 1 2 2 4 0 1 3 0 
964 0 4 1 0 5 5 0 3 0 2 4 5 0 1 2 
965 0 0 5 0 5 0 2 4 0 0 2 1 4 0 0 
966 0 0 0 0 0 3 0 0 0 0 4 0 0 0 3 
967 1 1 0 0 0 5 1 1 0 4 1 1 0 1 4 
968 1 0 1 0 0 0 0 2 0 4 2 5 4 0 3 
969 5 1 2 3 2 5 0 0 1 1 0 5 0 1 0 
970 0 1 4 4 0 0 4 0 3 0 1 0 5 0 0 
971 5 0 0 3 1 2 4 0 2 4 2 0 4 5 5 
972 0 5 0 0 5 5 3 0 5 5 0 1 0 0 4 
973 2 0 0 0 3 5 2 0 5 5 0 0 5 5 2 
974 4 0 1 2 0 2 3 0 2 0 0 0 0 3 1 
975 0 0 0 0 0 1 1 3 4 0 1 2 0 0 0 
976 0 4 5 1 3 2 0 0 4 0 1 0 1 4 0 
977 0 4 0 4 4 5 1 0 0 5 0 0 4 0 2 
978 2 4 5 0 5 2 0 1 0 0 1 0 3 0 5 
979 0 1 5 3 2 3 0 4 4 3 2 0 0 2 1 
980 2 0 1 0 5 0 2 0 1 0 2 5 5 0 0 
981 2 3 0 1 0 4 0 3 1 0 3 1 4 0 2 
982 4 0 2 5 0 1 0 0 5 4 3 4 2 3 5 
983 0 0 4 0 0 5 0 0 1 4 0 0 2 2 5 
984 3 3 4 5 4 0 5 2 2 1 2 0 3 0 0 
985 0 4 4 0 1 2 3 0 4 3 5 3 3 3 3 
986 0 0 4 3 0 3 4 0 0 5 5 3 0 4 3 
987 2 0 4 3 0 5 2 3 5 0 5 0 2 2 1 
988 0 0 3 4 2 2 0 3 0 4 2 0 1 0 4 
989 1 2 0 3 5 2 0 0 5 0 5 0 1 0 0 
990 1 0 5 1 3 5 1 3 5 0 4 4 0 1 0 
991 4 0 2 1 0 2 0 2 0 0 0 5 0 0 4 
992 0 4 5 0 4 0 3 1 5 0 0 3 0 5 5 
993 3 3 2 0 0 5 0 0 5 1 0 0 4 2 1 
994 1 4 5 3 0 2 4 0 2 4 0 0 2 4 4 
995 0 0 0 5 0 4 0 5 3 1 0 1 0 3 0 
996 4 4 2 2 1 0 2 4 0 0 0 0 0 0 2 
997 0 3 0 2 4 5 0 3 0 3 2 0 5 1 5 
998 3 5 0 5 1 0 0 3 3 4 2 0 3 0 5 
999 0 3 4 0 1 3 3 1 1 5 3 1 3 2 0 
1000 1 5 0 0 0 0 3 5 2 0 0 2 3 0 2 
1001 2 0 0 3 0 0 0 0 2 0 0 5 1 1 0 
1002 4 2 3 2 2 2 0 5 4 3 2 0 5 5 2 
1003 0 1 2 0 5 5 4 2 0 1 4 0 0 0 0 
1004 0 4 3 0 0 4 0 0 0 1 0 1 0 3 0 
1005 0 2 4 0 2 0 0 2 0 3 0 0 5 2 0 
1006 0 4 0 5 0 5 0 0 4 0 4 5 0 4 0 
1007 0 0 0 3 3 1 0 0 0 3 0 5 1 0 1 
1008 1 5 0 0 0 0 0 5 0 2 0 0 3 1 1 
1009 1 0 0 0 0 2 1 5 0 0 0 1 0 0 4 
1010 2 1 3 0 0 2 2 4 0 1 3 2 0 0 0 
1011 0 5 2 0 0 0 5 3 0 5 3 0 3 0 0 
1012 0 0 1 0 0 1 4 0 0 0 3 0 0 5 3 
1013 0 5 5 3 2 3 3 0 1 0 5 3 0 0 0 
1014 0 2 0 4 3 2 5 3 0 2 0 1 0 1 1 
1015 1 4 2 4 0 0 3 0 2 2 0 0 5 5 0 
1016 2 2 2 0 1 4 5 5 5 1 2 3 0 5 4 
1017 3 0 3 5 5 3 0 0 2 0 0 4 5 0 0 
1018 0 0 0 0 0 2 5 0 4 0 0 0 3 3 0 
1019 2 0 0 0 0 0 1 4 0 4 0 0 0 5 2 
1020 4 0 0 0 3 0 3 1 4 4 2 4 2 3 5 
1021 0 0 0 2 0 2 0 5 1 2 3 0 3 2 3 
1022 5 4 0 0 1 3 0 3 0 4 1 0 0 0 1 
1023 1 2 5 5 0 2 0 0 3 0 0 0 0 3 0 
1024 0 0 1 2 4 0 0 0 1 3 0 2 4 0 0 
1025 5 1 2 0 5 0 0 5 4 0 1 0 0 3 3 
1026 0 0 3 0 0 0 0 1 0 0 0 3 2 1 2 
1027 4 5 0 0 0 5 0 5 2 1 3 2 4 2 1 
1028 3 0 2 1 1 2 2 5 4 1 3 5 0 0 4 
1029 3 2 0 5 1 1 0 0 4 1 1 0 3 2 0 
1030 0 5 0 4 0 0 0 0 1 4 0 0 1 0 0 
1031 0 1 5 2 4 0 2 0 0 0 2 0 4 5 1 
1032 0 4 0 2 4 5 4 1 2 2 1 0 0 2 4 
1033 0 0 2 0 1 0 2 2 0 4 1 3 0 4 2 
1034 0 4 2 2 2 3 0 0 0 2 5 0 0 3 3 
1035 0 2 4 0 0 4 0 2 2 0 1 0 4 0 4 
1036 3 5 0 5 0 3 2 0 1 0 1 0 4 2 3 
1037 5 0 0 2 4 5 0 1 2 0 1 3 4 5 0 
1038 0 2 4 1 0 1 4 4 1 2 0 1 0 0 2 
1039 0 0 4 0 4 2 0 0 0 0 2 0 5 0 2 
1040 0 0 0 3 1 0 4 4 0 0 0 2 2 0 0 
1041 4 0 4 0 3 0 0 5 0 0 3 3 0 0 0 
1042 0 1 0 0 4 5 5 0 5 0 4 0 4 2 5 
1043 5 3 0 5 2 5 4 4 0 3 1 0 1 5 0 
1044 4 0 0 1 4 5 0 2 5 2 3 0 0 3 5 
1045 4 1 4 0 2 1 3 4 0 2 0 2 3 1 1 
1046 0 2 0 0 1 2 0 2 0 4 4 1 3 5 0 
1047 0 2 5 3 2 5 4 3 4 1 0 1 3 0 5 
1048 0 0 0 0 2 3 3 4 0 5 3 1 4 0 4 
1049 5 0 5 0 4 2 1 2 0 0 5 0 0 0 0 
1050 0 1 2 4 4 3 0 2 5 5 0 5 0 3 3 
1051 1 2 0 5 5 2 3 1 0 2 0 4 2 5 5 
1052 0 0 5 1 2 0 5 1 4 2 0 4 3 0 2 
1053 0 0 0 0 2 1 3 2 0 2 3 0 1 5 0 
1054 0 3 0 5 0 4 0 4 4 0 5 0 0 0 0 
1055 0 0 0 0 1 0 0 4 0 0 4 0 0 1 3 
1056 0 0 3 4 0 4 5 5 1 1 5 4 0 0 3 
1057 4 3 1 0 4 0 3 5 4 0 4 4 1 0 5 
1058 0 1 2 0 1 2 5 3 1 0 2 0 3 5 0 
1059 0 0 3 0 5 5 2 0 4 0 4 0 0 2 3 
1060 0 0 0 4 5 4 0 1 1 0 5 3 3 4 0 
1061 1 5 1 0 0 0 0 0 5 1 0 0 0 3 0 
1062 2 1 0 0 0 4 4 0 0 5 0 1 5 0 0 
1063 5 0 4 4 0 0 5 3 1 1 3 1 3 5 4 
1064 0 0 4 2 2 0 0 2 0 0 4 0 3 2 0 
1065 0 5 0 2 5 4 0 5 4 5 2 0 0 0 4 
1066 5 5 0 1 5 1 0 0 0 1 1 0 5 0 0 
1067 0 0 1 1 2 0 0 5 1 0 3 0 1 0 2 
1068 0 2 3 0 0 5 3 1 0 0 0 0 0 0 0 
1069 0 4 0 0 1 1 4 1 0 0 3 0 1 2 0 
1070 2 0 2 0 2 0 1 1 3 4 3 0 0 4 0 
1071 3 3 1 5 0 0 0 0 0 4 4 0 5 1 0 
1072 2 1 0 5 0 5 0 0 0 0 0 1 2 3 0 
1073 2 1 1 0 1 1 1 0 0 3 0 5 3 0 0 
1074 4 0 3 0 3 1 1 5 4 5 3 0 3 2 1 
1075 0 0 0 1 5 5 1 4 0 0 0 0 4 2 1 
1076 3 1 3 4 3 5 2 0 1 3 0 5 1 3 0 
1077 3 0 4 0 0 0 0 5 4 0 4 3 5 1 3 
1078 5 0 2 0 3 0 0 4 2 4 4 3 0 1 2 
1079 4 1 0 0 5 4 2 0 3 5 0 0 0 0 5 
1080 4 5 0 4 0 2 2 1 2 0 4 3 2 0 3 
1081 4 0 2 0 0 3 0 5 5 0 3 5 4 1 0 
1082 4 0 4 4 0 2 1 0 0 5 1 0 4 0 0 
1083 0 5 0 0 2 5 2 0 3 0 0 1 4 4 0 
1084 5 2 3 4 2 0 5 4 2 2 0 3 0 0 0 
1085 0 5 0 4 0 0 1 0 4 2 1 2 0 2 0 
1086 0 5 4 4 1 0 2 0 2 0 0 0 4 0 0 
1087 0 0 2 1 5 0 2 4 4 0 0 0 4 1 4 
1088 5 5 4 0 4 0 0 5 0 0 4 3 0 1 4 
1089 2 2 0 3 0 0 5 3 5 3 1 1 0 5 0 
1090 2 0 4 0 0 4 2 4 5 3 0 5 0 2 3 
1091 0 5 1 5 2 2 3 2 4 5 2 0 4 0 4 
1092 0 0 0 0 5 5 0 0 0 0 0 0 0 1 0 
1093 4 1 5 2 3 1 5 3 0 3 1 2 0 5 0 
1094 1 2 0 2 3 2 4 0 0 0 0 0 3 5 4 
1095 0 4 0 2 2 4 1 0 2 0 0 0 5 2 0 
1096 2 0 0 0 4 0 5 0 0 0 0 2 0 0 0 
1097 3 2 0 0 3 5 5 5 4 3 0 1 3 0 0 
1098 4 3 0 3 4 0 0 0 4 4 4 0 3 2 0 
1099 2 4 4 4 0 3 0 5 3 0 5 1 4 5 0 
1100 2 4 0 0 3 0 0 3 0 0 0 4 0 0 0 
1101 5 3 4 2 0 0 1 4 0 0 3 0 0 0 1 
1102 0 1 2 0 2 0 0 0 5 0 0 0 0 0 0 
1103 0 0 0 5 2 2 2 0 4 0 2 0 0 0 0 
1104 2 0 0 2 0 4 0 2 4 4 0 2 0 0 4 
1105 3 0 0 0 0 2 4 0 5 5 0 3 0 1 2 
1106 0 2 0 2 0 2 2 0 5 0 1 5 0 4 3 
1107 0 2 0 0 3 2 5 0 0 0 0 3 0 4 0 
1108 5 3 5 0 0 0 0 0 0 5 5 3 5 1 0 
1109 3 3 0 5 2 3 5 2 0 3 0 0 5 5 2 
1110 0 0 0 0 2 1 3 2 0 0 2 1 4 4 5 
1111 5 4 2 0 5 0 1 0 0 0 0 0 0 0 0 
1112 4 0 5 5 1 2 0 3 4 5 2 5 2 5 4 
1113 5 4 2 0 2 1 1 0 5 0 3 3 5 1 5 
1114 0 2 0 4 0 5 0 1 0 1 0 1 4 4 0 
1115 1 4 4 2 1 4 0 5 2 1 0 0 0 4 0 
1116 4 2 3 5 5 4 4 5 0 4 0 2 0 3 0 
1117 5 2 5 5 2 4 3 0 2 4 0 0 0 0 0 
1118 4 4 0 1 5 0 5 0 2 0 4 0 2 2 2 
1119 0 0 5 1 1 0 3 3 0 4 2 3 1 0 1 
1120 1 1 0 0 3 0 5 0 0 1 3 0 0 0 4 
1121 0 0 4 0 0 5 0 4 1 0 2 3 0 5 2 
1122 5 4 0 0 3 0 4 2 0 0 0 1 0 0 1 
1123 0 0 2 3 4 4 3 5 1 0 0 0 2 4 2 
1124 0 0 0 4 4 2 2 2 3 5 0 0 4 0 1 
1125 0 4 0 0 2 1 1 1 4 5 4 0 4 2 0 
1126 2 0 0 5 3 3 5 0 4 1 5 3 0 0 1 
1127 5 5 2 0 0 0 0 2 3 2 0 5 3 0 3 
1128 5 4 0 0 5 1 3 3 2 3 1 0 1 0 4 
1129 1 0 2 0 1 3 3 3 5 0 0 2 5 5 0 
1130 1 2 5 3 0 0 5 2 0 5 1 3 0 0 1 
1131 3 0 3 0 1 4 3 0 4 1 0 1 3 5 3 
1132 1 1 0 0 1 1 0 5 0 0 4 5 1 0 3 
1133 2 0 0 2 5 3 5 3 0 3 1 4 5 3 5 
1134 3 0 0 2 0 5 5 5 0 1 3 3 3 5 5 
1135 1 5 2 5 0 1 1 0 3 1 0 3 1 3 4 
1136 4 0 1 3 0 3 2 0 3 0 0 1 1 0 0 
1137 0 3 2 5 0 0 0 0 0 3 5 2 0 0 0 
1138 1 0 2 0 5 0 5 0 5 0 3 0 0 1 0 
1139 3 5 0 0 1 0 2 5 1 0 2 1 1 1 3 
1140 3 0 3 3 0 0 2 0 1 2 0 5 3 2 5 
1141 4 4 1 0 2 5 3 0 2 0 3 5 5 1 0 
1142 0 3 0 0 4 1 5 3 3 3 5 2 0 3 5 
1143 3 0 5 3 2 0 0 0 1 4 1 0 5 3 5 
1144 1 5 0 5 4 3 1 0 0 0 0 0 2 0 0 
1145 2 0 2 4 1 3 3 3 2 2 0 1 0 5 5 
1146 0 0 2 0 0 3 3 3 0 2 3 2 1 0 3 
1147 0 5 4 5 1 2 2 0 2 0 1 1 2 5 3 
1148 2 4 1 3 3 5 0 0 0 0 4 5 0 2 2 
1149 0 2 0 0 0 4 2 0 3 3 1 5 4 3 4 
1150 4 0 5 0 1 0 0 3 3 1 0 3 0 1 1 
1151 1 5 1 5 3 3 0 0 0 5 0 0 1 0 5 
1152 5 2 5 0 0 3 5 5 3 0 0 4 0 1 0 
1153 0 2 4 0 0 0 5 0 2 5 2 0 5 3 5 
1154 0 0 2 3 5 0 0 0 0 0 0 0 2 0 4 
1155 0 2 0 5 0 3 0 1 0 0 2 1 0 2 0 
1156 5 2 2 0 0 4 1 2 2 2 3 5 0 4 1 
1157 0 0 0 2 5 5 0 1 0 1 0 2 0 0 2 
1158 3 3 0 0 2 4 5 0 5 5 3 0 5 1 0 
1159 3 4 1 4 5 4 0 2 2 3 3 0 0 0 4 
1160 0 5 1 3 1 4 1 3 1 0 0 0 0 5 2 
1161 4 5 1 2 1 1 4 0 0 0 3 1 0 4 0 
1162 5 2 0 2 0 5 2 4 0 0 4 2 3 2 0 
1163 2 5 3 0 3 0 3 3 5 2 2 5 5 0 2 
1164 0 5 5 0 3 0 1 2 0 1 0 1 3 0 0 
1165 5 1 3 5 0 0 5 0 3 0 4 4 0 5 0 
1166 3 0 4 4 2 0 0 2 0 2 2 0 0 0 2 
1167 4 0 0 0 0 0 5 5 0 0 0 1 1 4 0 
1168 2 0 1 0 3 2 4 3 4 3 0 4 0 1 0 
1169 0 4 1 0 0 0 0 5 0 1 5 0 4 4 1 
1170 0 1 3 4 5 4 0 0 2 0 2 5 2 0 5 
1171 0 0 5 5 2 0 0 0 0 5 1 0 0 3 4 
1172 0 0 0 0 0 0 4 3 0 4 2 5 3 1 5 
1173 0 1 0 2 4 1 3 0 0 3 3 3 0 0 1 
1174 0 0 3 0 0 2 3 4 0 1 1 0 0 5 0 
1175 4 0 1 2 0 0 4 5 2 0 2 3 0 0 1 
1176 0 3 0 1 0 0 0 1 3 2 0 3 4 5 5 
1177 5 1 4 1 4 1 4 0 0 1 2 3 3 2 3 
1178 4 3 0 2 2 4 4 0 3 0 3 0 2 3 2 
1179 0 0 1 5 0 4 2 0 1 5 0 3 2 5 3 
1180 5 2 2 0 0 3 0 0 2 0 4 0 2 2 3 
1181 0 0 0 5 2 0 5 5 0 2 0 0 2 0 0 
1182 0 5 5 3 2 1 4 4 4 1 0 3 0 0 0 
1183 1 1 0 5 4 0 0 0 5 0 4 3 0 1 5 
1184 0 3 2 0 0 4 1 2 3 3 1 0 5 2 0 
1185 0 1 0 2 3 2 0 2 3 0 1 0 0 3 0 
1186 5 0 2 5 0 2 5 5 4 0 3 0 0 0 1 
1187 0 2 0 0 5 3 2 4 1 0 3 3 0 0 5 
1188 3 4 3 5 1 0 0 4 0 0 4 0 0 3 0 
1189 0 1 2 0 3 3 0 0 0 5 0 1 5 3 1 
1190 0 4 0 0 5 4 0 5 4 5 1 2 2 3 1 
1191 0 0 4 5 1 0 5 0 0 2 0 5 2 0 0 
1192 5 2 0 0 4 0 1 0 0 5 1 0 3 1 0 
1193 0 0 1 0 0 3 0 0 1 0 0 0 1 0 0 
1194 4 1 1 0 5 2 0 0 0 4 3 5 5 0 0 
1195 0 1 5 1 0 0 4 0 0 2 3 5 3 0 0 
1196 0 1 4 5 3 5 4 0 0 5 4 2 3 0 0 
1197 3 5 5 1 3 2 0 5 4 2 1 3 0 5 2 
1198 0 0 1 5 3 2 0 0 4 3 0 4 4 0 0 
1199 0 4 5 0 0 0 0 0 1 1 4 0 5 0 3 
1200 5 0 5 1 2 2 0 0 4 1 0 2 5 0 3 
1201 0 1 0 1 0 3 0 3 0 3 3 3 2 3 0 
1202 3 3 4 0 1 0 0 0 0 0 0 4 2 3 0 
1203 0 0 4 5 5 0 5 4 1 0 0 1 0 0 0 
1204 0 0 0 5 2 0 3 1 0 5 4 4 3 0 0 
1205 0 0 1 1 3 1 4 3 0 0 5 0 0 2 4 
1206 4 0 0 5 4 0 0 3 0 2 3 4 0 0 1 
1207 4 0 0 4 5 2 0 1 3 2 0 1 0 0 0 
1208 0 1 3 0 3 0 0 1 0 1 0 0 4 1 1 
1209 1 5 0 2 5 3 5 2 0 0 2 0 0 5 1 
1210 0 0 2 4 5 3 2 0 5 4 4 0 0 2 3 
1211 0 2 0 0 3 2 3 3 0 3 0 4 5 0 5 
1212 0 0 0 1 0 2 0 1 0 0 2 0 1 4 3 
1213 1 0 0 0 2 0 0 1 3 1 0 4 4 0 0 
1214 0 2 4 0 5 1 0 5 4 4 0 0 3 0 0 
1215 5 3 3 0 1 0 4 2 5 1 3 4 0 0 1 
1216 4 0 4 5 0 0 3 0 2 0 0 5 0 0 4 
1217 2 0 0 1 0 3 5 4 0 2 2 0 0 0 3 
1218 3 2 5 4 4 1 0 3 4 1 0 3 4 0 0 
1219 0 4 0 0 1 0 5 0 4 2 0 5 0 5 0 
1220 2 1 0 0 0 5 2 2 2 0 1 3 4 0 5 
1221 4 0 0 1 3 3 0 2 3 0 0 2 3 0 4 
1222 3 2 0 1 0 3 0 5 0 1 1 0 3 1 5 
1223 4 1 0 0 0 1 5 3 3 5 0 0 1 2 0 
1224 2 4 0 4 2 0 3 3 2 5 5 0 0 3 0 
1225 0 0 0 1 5 1 2 4 5 0 3 0 5 0 0 
1226 2 0 0 0 3 0 5 0 0 2 1 2 1 5 0 
1227 1 0 0 2 1 0 2 3 3 0 2 1 3 1 4 
1228 1 5 3 1 0 3 4 4 0 2 1 0 2 0 0 
1229 0 0 0 4 1 4 1 0 5 2 3 5 1 3 1 
1230 2 3 4 0 3 0 3 5 0 4 0 0 1 1 0 
1231 0 0 2 0 0 3 0 0 3 0 5 0 1 1 4 
1232 5 0 1 0 0 0 0 5 0 0 5 0 3 0 1 
1233 5 2 3 5 2 0 2 0 2 2 0 4 3 0 0 
1234 4 0 3 0 2 2 3 0 1 0 0 0 0 0 3 
1235 5 0 0 3 0 0 0 4 0 2 5 2 0 3 1 
1236 1 1 0 4 0 3 0 1 0 3 3 5 0 3 1 
1237 0 2 3 1 0 3 4 3 0 3 3 0 5 5 0 
1238 0 0 0 5 3 0 1 0 0 5 2 1 0 0 0 
1239 0 2 5 0 0 5 2 0 0 5 3 0 0 0 2 
1240 0 4 3 0 0 1 4 1 5 5 3 0 0 3 5 
1241 5 0 4 5 0 0 0 4 5 0 0 0 5 0 0 
1242 4 0 4 0 1 0 1 0 0 2 5 0 2 0 5 
1243 0 5 4 5 0 0 0 1 0 0 0 0 5 2 2 
1244 5 0 0 0 0 5 1 3 3 4 0 0 0 1 1 
1245 4 1 2 0 2 0 5 0 2 0 5 0 4 5 2 
1246 1 4 0 1 0 3 0 0 0 0 0 0 3 2 0 
1247 3 0 0 0 3 3 0 5 3 4 0 1 2 0 1 
1248 3 1 5 1 3 3 5 1 0 5 0 0 5 1 0 
1249 2 0 0 1 0 1 2 0 0 0 3 0 5 0 5 
1250 0 0 3 1 3 2 0 0 0 0 5 5 1 0 0 
1251 3 2 0 0 3 0 2 0 0 1 0 0 3 0 2 
1252 0 2 0 0 0 4 5 4 3 0 0 0 4 1 0 
1253 2 4 0 4 2 4 5 0 5 0 0 0 2 4 0 
1254 0 0 1 0 3 4 3 2 0 0 5 0 4 2 3 
1255 1 3 0 0 0 2 0 1 2 0 0 0 0 4 4 
1256 1 5 0 0 3 4 5 5 2 2 0 5 0 2 0 
1257 0 0 4 0 0 3 0 0 0 1 0 0 0 0 4 
1258 3 1 0 3 4 1 5 1 1 3 5 2 5 0 0 
1259 2 3 5 0 4 1 1 0 1 5 5 0 5 1 5 
1260 2 4 0 0 0 0 3 0 5 0 0 4 3 0 4 
1261 3 0 3 0 0 0 0 0 0 5 5 0 4 5 0 
1262 5 1 0 2 3 0 0 0 1 0 2 3 4 2 0 
1263 2 0 1 1 5 3 3 0 2 3 0 5 0 0 0 
1264 2 0 5 3 5 0 2 0 2 0 0 3 5 0 0 
1265 0 0 2 1 3 5 5 3 0 0 2 0 0 2 0 
1266 3 2 2 2 0 2 0 5 4 0 5 0 0 5 3 
1267 0 0 2 0 5 0 0 2 0 0 2 1 1 4 0 
1268 0 3 0 4 0 0 0 3 5 0 0 0 4 0 3 
1269 1 0 0 0 2 4 5 0 3 2 1 5 2 5 0 
1270 2 0 2 0 5 0 2 3 2 0 0 0 0 0 1 
1271 0 0 4 4 0 4 3 5 2 5 0 0 5 0 1 
1272 1 5 4 5 1 0 0 4 4 2 3 0 0 3 0 
1273 0 4 0 0 0 5 0 0 1 0 0 1 3 3 4 
1274 0 0 1 3 5 0 0 3 0 2 5 2 0 0 1 
1275 0 5 5 0 4 3 0 0 3 4 1 0 0 4 0 
1276 3 5 1 2 1 3 0 0 0 3 2 5 0 0 3 
1277 0 3 3 5 4 5 0 2 2 2 0 2 5 0 0 
1278 5 4 4 1 0 0 0 3 0 3 3 3 3 1 2 
1279 0 0 0 5 2 1 0 2 0 4 0 4 2 4 2 
1280 0 0 0 0 5 0 0 0 5 4 2 0 2 0 0 
1281 5 1 0 3 5 0 4 4 0 5 0 4 0 0 0 
1282 0 1 0 0 1 5 4 2 3 5 0 1 0 0 0 
1283 3 4 2 5 5 4 0 4 0 3 4 0 0 5 4 
1284 2 1 5 1 0 0 1 0 0 4 0 0 0 5 0 
1285 1 1 0 0 5 0 4 2 0 5 3 0 3 5 0 
1286 4 0 3 4 3 0 0 0 0 5 0 0 3 3 0 
1287 0 0 0 4 0 1 4 3 4 4 0 0 3 2 1 
1288 0 0 5 3 0 0 0 0 0 5 5 0 0 0 1 
1289 2 5 2 0 0 5 2 4 1 0 1 2 3 4 3 
1290 1 3 0 0 1 4 0 3 3 4 2 1 0 4 5 
1291 0 5 0 0 5 0 5 1 3 4 4 0 0 0 2 
1292 2 0 5 3 0 0 0 0 1 2 0 3 3 0 4 
1293 1 4 0 4 4 0 0 0 3 0 0 5 3 3 4 
1294 5 0 0 4 2 0 3 0 4 0 0 0 1 5 2 
1295 1 3 4 2 4 0 1 0 4 4 0 0 1 1 0 
1296 1 0 0 0 3 0 2 5 0 0 4 4 5 0 2 
1297 4 2 1 0 1 0 0 3 0 1 1 0 0 5 0 
1298 3 0 0 4 1 0 2 3 0 0 0 5 5 4 5 
1299 3 5 3 1 0 1 0 0 0 4 4 4 0 1 3 
1300 1 5 0 0 0 2 0 0 4 0 2 3 3 1 3 
1301 0 3 0 4 0 0 5 0 0 0 0 0 0 1 2 
1302 0 0 0 0 3 0 0 0 0 5 1 5 3 5 3 
1303 3 0 0 4 0 2 0 0 5 4 0 0 2 0 3 
1304 0 0 2 3 0 0 5 1 5 0 0 0 4 3 1 
1305 0 5 0 5 1 3 1 0 2 3 0 3 0 0 1 
1306 0 0 3 0 3 3 0 0 0 0 0 4 0 0 5 
1307 3 5 0 0 4 4 1 4 2 2 3 0 2 2 0 
1308 4 0 0 5 3 5 4 0 1 4 3 4 0 0 0 
1309 0 3 0 5 0 0 5 5 0 4 0 0 4 0 2 
1310 0 0 1 0 0 0 5 1 4 3 0 0 3 0 0 
1311 0 3 0 3 4 3 3 0 3 4 1 2 5 0 4 
1312 0 5 4 1 2 1 0 1 0 0 2 3 5 5 0 
1313 0 4 2 3 3 0 0 0 0 1 0 0 0 2 0 
1314 0 0 0 2 1 0 0 3 0 4 0 2 1 0 3 
1315 0 2 0 0 2 4 1 5 0 5 2 2 4 1 2 
1316 0 2 1 0 2 2 5 0 5 3 0 0 0 0 0 
1317 0 5 0 4 5 3 1 3 3 1 0 0 1 4 4 
1318 0 5 4 3 1 3 0 5 0 0 2 3 0 3 5 
1319 4 4 0 3 5 5 2 1 2 4 0 2 0 2 1 
1320 2 4 2 1 3 0 0 0 5 3 0 3 0 5 3 
1321 1 0 5 0 4 0 5 1 4 3 4 0 0 3 3 
1322 0 2 0 0 5 5 0 2 1 3 0 0 5 4 3 
1323 0 0 5 0 0 0 3 5 0 1 2 0 2 5 5 
1324 4 5 0 1 0 0 4 3 3 3 0 0 0 3 0 
1325 4 0 0 5 1 3 0 0 1 5 2 0 0 3 0 
1326 3 0 0 0 5 4 1 1 3 2 2 4 0 3 2 
1327 0 2 0 2 0 5 0 0 1 5 1 0 5 5 0 
1328 0 0 0 3 4 0 3 2 2 3 0 2 1 2 2 
1329 4 0 2 1 5 0 4 2 0 3 3 0 4 0 4 
1330 0 0 0 3 3 3 0 0 2 0 3 1 1 0 3 
1331 4 1 1 1 3 3 1 4 0 0 0 5 0 5 0 
1332 0 3 0 0 0 0 1 0 3 5 0 3 0 1 2 
1333 0 0 5 0 5 4 0 0 4 1 0 0 0 0 0 
1334 4 4 3 4 4 0 1 2 4 0 5 0 0 4 0 
1335 5 5 2 0 4 0 3 0 0 3 3 2 0 0 1 
1336 0 5 4 3 4 0 5 0 3 5 0 0 4 5 3 
1337 0 1 1 0 0 2 0 3 0 1 3 1 5 3 2 
1338 5 3 0 0 0 0 3 0 0 4 0 2 0 2 0 
1339 1 0 0 0 5 4 3 1 0 1 0 5 5 0 0 
1340 4 0 0 0 2 0 4 4 0 0 2 4 4 4 0 
1341 5 0 0 2 4 3 5 5 3 1 4 2 2 0 2 
1342 0 0 0 1 1 4 5 0 3 1 2 0 0 1 0 
1343 0 0 0 0 0 5 0 0 0 0 0 0 3 0 0 
1344 3 0 3 0 5 4 5 0 0 2 0 0 0 3 1 
1345 0 2 5 0 2 0 5 0 0 1 0 0 2 5 4 
1346 1 1 0 0 5 0 0 4 0 3 0 5 5 0 1 
1347 5 0 4 0 3 0 5 0 0 0 2 3 0 0 0 
1348 5 0 0 3 1 4 3 0 5 5 0 5 1 0 0 
1349 0 2 0 0 4 0 4 0 3 5 0 0 0 4 0 
1350 0 4 0 0 0 0 0 0 0 2 5 0 3 1 0 
1351 0 2 4 5 0 0 5 1 0 2 2 4 0 3 0 
1352 4 0 3 1 4 4 0 0 2 5 0 0 2 0 0 
1353 5 0 1 0 3 0 0 0 4 0 4 0 0 1 4 
1354 4 4 0 5 4 0 0 0 4 5 2 4 3 0 4 
1355 5 3 0 0 5 1 4 5 3 0 3 4 5 0 2 
1356 5 3 0 4 0 1 0 5 1 0 0 3 0 1 0 
1357 1 1 4 4 2 0 3 0 4 0 1 0 5 0 0 
1358 5 1 5 3 2 0 0 4 3 5 5 1 1 5 4 
1359 0 0 0 4 1 0 5 0 0 0 5 0 0 0 2 
1360 3 0 3 0 0 0 1 0 0 0 2 0 3 1 0 
1361 1 2 2 3 4 1 2 5 0 1 2 0 1 2 4 
1362 0 3 0 0 0 1 5 0 3 1 3 0 0 0 0 
1363 4 1 0 0 0 0 0 1 0 4 5 0 4 0 5 
1364 0 0 0 0 0 0 3 3 4 1 0 0 4 0 4 
1365 0 2 1 3 0 5 0 1 4 0 1 0 2 2 4 
1366 0 1 5 2 2 1 1 0 4 3 4 0 1 1 3 
1367 3 0 5 3 0 0 0 0 5 4 1 1 0 5 4 
1368 1 0 0 0 1 0 2 3 0 0 0 0 4 0 5 
1369 4 2 0 0 1 3 2 0 2 0 1 1 0 2 4 
1370 5 1 0 0 2 3 2 1 0 0 2 0 3 0 4 
1371 2 5 4 0 0 4 0 0 1 0 0 0 4 5 0 
1372 4 1 2 0 0 4 4 4 0 1 3 4 3 0 0 
1373 5 0 0 1 4 1 0 1 4 4 0 5 4 0 5 
1374 4 0 0 5 2 0 0 0 2 4 1 1 2 0 5 
1375 4 0 5 0 2 4 2 5 5 4 4 3 0 1 0 
1376 0 4 5 1 5 4 0 5 0 0 0 0 3 4 5 
1377 2 0 0 5 2 3 0 0 0 1 4 0 3 0 2 
1378 1 5 1 5 4 0 0 2 3 0 3 5 3 2 0 
1379 0 0 1 0 0 1 5 1 0 3 5 4 0 1 0 
1380 3 3 2 0 4 1 1 4 3 0 3 2 0 3 0 
1381 5 3 2 3 0 3 2 0 0 5 0 4 3 3 0 
1382 3 5 5 0 4 1 4 5 5 2 2 4 0 0 4 
1383 0 2 2 5 0 3 0 4 5 3 1 1 0 2 2 
1384 0 3 2 3 0 4 0 0 4 0 0 1 3 0 0 
1385 0 0 0 0 2 0 0 4 0 2 0 3 0 1 3 
1386 0 4 2 0 3 4 0 3 0 0 0 4 0 5 0 
1387 2 2 3 0 0 3 5 3 1 1 0 3 3 4 0 
1388 0 4 3 3 0 0 0 0 3 0 0 1 0 0 0 
1389 4 5 0 0 4 1 0 4 3 1 0 0 0 1 0 
1390 0 0 2 0 1 5 3 2 2 4 0 1 4 3 4 
1391 0 0 0 2 0 0 2 0 5 2 5 0 0 0 2 
1392 4 0 0 1 0 0 0 3 4 5 1 1 4 2 4 
1393 0 3 0 4 0 0 3 0 2 0 5 0 3 2 5 
1394 2 5 2 0 0 2 0 1 1 0 1 1 0 3 0 
1395 5 3 0 0 1 2 0 1 0 0 0 0 2 0 0 
1396 0 1 4 4 3 5 2 5 0 4 0 0 1 0 3 
1397 0 3 2 1 3 1 2 0 0 2 3 0 0 0 5 
1398 2 3 0 3 0 5 1 5 0 0 5 1 0 5 1 
1399 3 5 0 1 0 5 2 0 0 0 2 0 4 4 4 
1400 0 2 2 4 0 5 1 0 1 0 0 1 5 3 3 
1401 3 3 0 5 4 4 0 2 0 0 0 0 2 1 0 
1402 3 0 3 0 0 5 4 0 4 0 0 0 2 0 4 
1403 0 4 0 4 0 5 2 4 0 0 2 4 0 4 0 
1404 0 1 1 3 0 0 0 4 4 0 0 3 1 1 4 
1405 2 2 0 0 2 3 5 2 1 0 1 2 3 2 5 
1406 4 0 0 3 0 0 2 5 1 1 2 1 4 5 2 
1407 0 5 0 3 4 0 0 0 2 2 3 4 0 3 3 
1408 3 4 4 5 0 2 2 0 3 2 3 5 0 3 1 
1409 1 1 0 3 3 0 1 0 4 4 1 0 0 3 0 
1410 1 3 2 5 0 0 3 5 0 0 1 5 5 2 4 
1411 0 5 5 5 4 1 4 1 0 3 5 1 5 0 5 
1412 1 0 2 3 0 0 0 2 4 0 1 0 3 1 2 
1413 0 0 0 4 0 0 3 3 2 0 2 2 0 0 2 
1414 2 3 0 0 4 0 0 0 0 3 0 0 2 0 0 
1415 0 1 1 5 0 0 2 0 0 0 0 2 4 0 0 
1416 1 2 4 0 0 4 0 0 5 3 0 0 0 0 3 
1417 5 0 0 0 0 2 2 3 4 0 4 2 0 0 0 
1418 5 4 1 0 1 1 3 3 3 0 0 5 3 5 0 
1419 0 2 2 3 1 3 0 0 1 5 4 0 3 5 2 
1420 3 1 1 3 1 0 5 5 2 1 1 0 1 0 4 
1421 0 0 0 5 5 3 4 0 0 4 0 5 2 5 2 
1422 0 0 0 5 0 2 3 1 0 0 0 5 4 0 2 
1423 0 5 3 4 1 1 1 2 0 3 0 0 0 0 1 
1424 5 0 0 0 0 4 0 2 0 0 0 0 0 0 2 
1425 3 0 0 5 3 1 5 2 0 0 0 0 3 5 0 
1426 3 1 0 1 3 0 2 0 2 0 2 0 0 4 3 
1427 0 4 4 0 0 0 0 1 1 0 3 0 0 5 2 
1428 1 0 0 0 2 1 2 4 0 0 0 3 4 0 3 
1429 0 0 0 0 5 2 2 1 1 2 1 1 0 0 0 
1430 0 0 1 1 1 0 0 1 0 0 0 2 0 1 0 
1431 0 0 4 4 0 0 0 1 1 1 0 0 3 3 0 
1432 0 0 0 0 0 0 5 2 5 5 4 4 2 0 4 
1433 3 1 3 0 0 0 4 4 0 3 0 0 4 4 3 
1434 4 1 0 3 0 0 0 1 1 0 0 3 5 3 0 
1435 4 5 0 1 2 3 4 1 0 1 0 0 0 0 5 
1436 1 2 5 5 0 2 5 0 0 4 0 0 2 0 0 
1437 3 0 5 2 3 5 3 4 0 0 4 4 5 2 0 
1438 0 1 0 2 5 2 2 4 0 0 4 2 1 4 3 
1439 4 3 0 1 0 1 5 0 5 2 1 2 5 4 3 
1440 4 4 0 0 4 5 0 1 4 4 4 0 0 0 5 
1441 1 0 5 5 5 4 0 0 0 0 3 2 4 3 2 
1442 3 4 3 0 0 2 4 1 0 5 0 5 0 0 1 
1443 3 1 5 5 2 0 3 0 0 1 0 0 4 1 2 
1444 1 0 2 0 0 0 0 0 0 5 2 0 5 0 5 
1445 0 0 0 0 1 0 0 2 0 0 2 1 5 4 0 
1446 0 4 0 2 1 0 0 5 3 0 0 5 5 0 5 
1447 1 3 5 0 0 0 0 0 5 0 2 3 0 2 5 
1448 0 3 3 3 2 0 3 5 0 0 1 0 5 0 5 
1449 4 3 2 4 3 5 0 0 3 0 0 0 0 3 0 
1450 0 0 1 0 2 0 2 5 2 5 5 2 0 2 0 
1451 0 5 4 2 5 0 5 3 4 0 1 0 4 1 5 
1452 4 1 3 4 5 3 2 1 3 1 3 2 5 4 0 
1453 2 2 0 0 5 5 0 3 0 1 3 4 3 2 5 
1454 0 0 0 0 0 0 0 2 0 4 5 5 4 2 0 
1455 3 1 0 3 4 0 1 3 2 0 2 0 0 5 0 
1456 0 3 2 4 5 2 0 4 2 5 0 0 1 0 5 
1457 4 5 0 2 1 5 0 5 0 0 0 0 3 0 3 
1458 0 4 0 0 2 0 0 1 1 0 0 1 3 5 0 
1459 4 0 3 2 3 0 1 0 0 0 5 0 2 3 5 
1460 0 4 4 4 3 0 2 0 0 3 0 3 3 4 0 
1461 5 0 1 0 0 4 5 2 0 0 0 4 0 0 3 
1462 0 0 4 1 5 0 3 0 0 0 3 2 0 0 1 
1463 0 0 4 0 2 3 0 2 0 0 1 4 5 0 0 
1464 1 4 0 4 5 5 0 3 0 4 3 5 0 2 0 
1465 5 0 2 0 3 0 0 1 5 0 0 3 0 0 0 
1466 0 5 2 0 0 0 0 5 5 1 0 1 5 0 5 
1467 1 0 3 1 5 5 2 1 2 3 4 3 1 3 3 
1468 1 0 4 0 4 5 0 0 5 3 1 4 3 3 0 
1469 2 3 0 0 2 1 4 1 1 4 0 1 0 2 4 
1470 0 3 4 0 0 0 1 0 3 0 2 5 0 3 0 
1471 0 0 0 5 5 4 4 0 3 4 5 0 4 4 0 
1472 3 3 5 0 0 0 0 0 4 0 0 0 4 5 5 
1473 4 0 5 1 3 0 0 5 1 4 1 0 1 2 4 
1474 2 2 0 3 4 0 2 0 2 5 0 3 3 0 1 
1475 5 0 0 0 3 3 5 0 5 5 0 5 2 3 4 
1476 0 2 1 0 5 5 5 2 2 5 0 3 5 4 4 
1477 0 0 0 0 0 4 0 0 5 3 0 0 2 0 2 
1478 1 1 0 0 5 3 1 3 1 0 1 0 1 4 5 
1479 5 3 0 0 5 1 0 0 0 0 0 5 0 0 1 
1480 2 0 0 0 3 0 3 0 0 3 4 4 0 3 2 
1481 2 0 2 0 3 0 4 4 0 5 0 1 5 0 0 
1482 0 0 1 0 3 0 0 0 0 2 0 0 0 4 0 
1483 0 2 0 0 0 3 0 0 3 0 3 0 0 0 2 
1484 3 2 0 0 0 5 3 5 0 0 1 3 3 0 5 
1485 0 0 3 5 4 4 4 2 4 0 3 4 0 0 4 
1486 0 4 0 0 0 0 0 3 3 0 0 3 4 5 0 
1487 3 2 0 1 5 5 3 5 0 2 2 0 0 3 0 
1488 0 0 0 0 3 4 0 0 4 5 1 2 3 0 0 
1489 3 0 0 3 2 5 0 5 2 4 3 0 2 5 4 
1490 0 0 0 5 0 5 0 0 0 0 0 0 0 5 0 
1491 4 2 3 5 0 0 0 0 2 1 2 0 3 1 0 
1492 0 0 0 1 1 0 4 3 1 2 2 0 2 4 0 
1493 0 0 0 5 0 4 0 4 4 1 1 4 0 0 1 
1494 0 1 0 2 1 0 4 5 1 0 2 2 0 0 3 
1495 3 5 4 5 0 0 3 1 0 2 3 0 3 1 4 
1496 0 0 0 5 0 2 0 5 5 1 0 0 0 0 2 
1497 5 0 2 0 4 0 2 1 1 0 5 1 5 2 3 
1498 2 2 3 1 0 1 0 4 0 4 0 5 1 5 0 
1499 4 0 1 4 4 4 3 0 1 2 0 2 2 2 5 
1500 0 0 3 1 2 3 3 4 2 0 3 0 2 0 2 
1501 20 0 0 0 0 0 0 0 0 0 0 0 0 0 0 
1502 0 20 0 0 0 0 0 0 0 0 0 0 0 0 0 
1503 0 0 20 0 0 0 0 0 0 0 0 0 0 0 0 
1504 0 0 0 20 0 0 0 0 0 0 0 0 0 0 0 
1505 0 0 0 0 20 0 0 0 0 0 0 0 0 0 0 
1506 0 0 0 0 0 20 0 0 0 0 0 0 0 0 0 
1507 0 0 0 0 0 0 20 0 0 0 0 0 0 0 0 
1508 0 0 0 0 0 0 0 20 0 0 0 0 0 0 0 
1509 0 0 0 0 0 0 0 0 20 0 0 0 0 0 0 
1510 0 0 0 0 0 0 0 0 0 20 0 0 0 0 0 
1511 0 0 0 0 0 0 0 0 0 0 20 0 0 0 0 
1512 0 0 0 0 0 0 0 0 0 0 0 20 0 0 0 
1513 0 0 0 0 0 0 0 0 0 0 0 0 20 0 0 
1514 0 0 0 0 0 0 0 0 0 0 0 0 0 20 0 
1515 0 0 0 0 0 0 0 0 0 0 0 0 0 0 20 
MDEPOT_SECTION
1501 1502 1503 1504 1505 1506 1507 1508 1509 1510 1511 1512 1513 1514 1515 
EOF
