TYPE : MCVRP
DEMAND_DIMENSION: 3
DIMENSION: 25
DEPOT_NUMBERS: 3
EDGE_WEIGHT_TYPE : EUC_2D
MCAPACITY: 
1 20 20 20
NODE_COORD_SECTION
1 31.5092 48.3311
2 81.3269 10.538
3 89.4204 68.58 
4 34.7426 67.0549 
5 46.1501 83.7575 
6 46.4747 77.6014 
7 64.1714 90.8758
8 15.7876 90.2543
9 23.3303 9.6691
10 71.5152 35.664 
11 26.2445 62.3569 
12 16.9717 56.0725
13 58.7688 63.9987 
14 86.082 41.2448 
15 10.5798 37.258
16 34.6655 41.022
17 67.3096 64.0859 
18 33.6503 8.6894 
19 76.7396 77.7103 
20 39.3955 59.0804
21 67.4189 97.4652 
22 54.5391 34.2687
23 22.971 49.569
24 61.76 80.188
25 61.879 28.044
DEMAND_SECTION
1 2 0 0
2 4 0 2
3 0 2 5
4 0 5 3 
5  1 3 0 
6 2 4 0
7 0 1 3 
8 1 0 3
9 4 5 3 
10 1 0 3
11 4 2 3 
12 2 4 0 
13 4 2 0 
14 0 2 1
15 0 1 3
16 0 4 0
17 3 0 5
18 5 4 0 
19 2 0 3
20 0 2 0 
21 0 3 2 
22 5 0 0
23 20 0 0
24 0 20 0
25 0 0 20
MDEPOT_SECTION
23 24 25
EOF