TYPE: HDVRPSV
DEMAND_DIMENSION: 5
DIMENSION: 105
DEPOT_NUMBERS: 5
EDGE_WEIGHT_TYPE: EUC_2D
MCAPACITY: 
1 20 20 20 20 20 
NODE_COORD_SECTION
1 43.82 47.36
2 24.22 50.31
3 40.96 93.29
4 88.41 39.25
5 91.06 39.1
6 21.24 45.4
7 33.66 80.71
8 18.36 36.36
9 22.73 47.42
10 53.2 49.44
11 95.03 1.25
12 22.42 3.88
13 13.74 25.89
14 7.2 65.19
15 22.06 17.24
16 86.72 22.91
17 22.09 21.19
18 72.1 69.03
19 92.2 16.78
20 55.11 45.75
21 15.1 20.86
22 57.58 30.31
23 2.17 66.03
24 51.08 76.24
25 26.56 28.2
26 41.69 9.01
27 75.97 45.59
28 96.84 73.95
29 96.24 2.42
30 96.88 76.56
31 56.92 12.83
32 8.66 11.66
33 94.77 5.7
34 72.37 51.62
35 23.39 50.13
36 29.67 74.15
37 92.36 26.03
38 0.58 91.05
39 16.6 52.06
40 40.33 68.73
41 60.73 73.24
42 81.27 89.33
43 87.67 90.35
44 84.03 55.04
45 87.18 55.51
46 20.8 1.22
47 77.66 21.35
48 73.94 59.43
49 56.26 66.81
50 64.19 96.64
51 59.16 46.21
52 11.41 93.69
53 18.53 40.54
54 8.38 32.81
55 25.32 52.06
56 37.13 72.45
57 85.94 13.26
58 25.32 75.51
59 55.75 83.41
60 13.15 84.52
61 40.45 90.19
62 22.27 9.44
63 14.49 9.88
64 38.83 54.61
65 68.99 75.3
66 3.33 71.9
67 90.85 15.12
68 29.97 12.96
69 89.21 25.79
70 93.76 33.3
71 71.65 18.73
72 72.99 51.33
73 94.96 18.27
74 79.52 13.91
75 17.0 91.55
76 61.88 47.14
77 1.92 12.86
78 7.18 81.94
79 36.4 5.41
80 45.24 96.74
81 89.56 5.86
82 54.86 38.76
83 49.7 57.69
84 22.74 77.75
85 75.34 46.3
86 58.11 96.68
87 8.72 62.13
88 92.27 88.76
89 82.54 38.39
90 8.47 79.65
91 76.65 56.34
92 76.24 5.66
93 33.55 97.76
94 22.67 42.42
95 69.6 97.66
96 97.21 82.11
97 70.31 9.11
98 83.97 69.4
99 78.54 6.22
100 75.5 11.38
101 17.63 20.88
102 7.22 12.1
103 41.21 54.59
104 21.97 60.57
105 47.33 67.08
DEMAND_SECTION
1 2 2 0 0 0 
2 4 0 4 3 3 
3 2 0 0 2 0 
4 2 0 5 0 2 
5 0 4 5 0 0 
6 2 0 2 3 1 
7 5 1 0 2 3 
8 0 0 4 0 0 
9 2 5 1 0 3 
10 1 3 0 0 5 
11 0 3 1 0 4 
12 2 0 0 1 2 
13 1 0 0 1 4 
14 0 5 0 5 0 
15 5 0 2 0 3 
16 5 1 5 0 4 
17 5 0 0 0 0 
18 0 3 2 0 0 
19 1 1 5 0 0 
20 0 4 0 0 5 
21 0 0 0 0 5 
22 3 0 4 0 1 
23 0 3 4 4 0 
24 2 4 4 0 5 
25 4 0 3 4 0 
26 5 1 5 5 0 
27 3 0 4 3 1 
28 5 2 1 0 5 
29 0 3 0 3 5 
30 4 1 0 0 3 
31 1 0 5 0 3 
32 0 0 3 0 0 
33 0 2 2 2 1 
34 4 0 2 0 2 
35 1 3 5 0 2 
36 4 0 5 4 3 
37 4 0 2 5 0 
38 0 0 1 1 0 
39 0 0 3 0 3 
40 1 0 0 0 0 
41 0 3 0 0 1 
42 3 0 0 2 5 
43 4 4 1 1 0 
44 0 1 0 0 0 
45 4 0 3 4 2 
46 0 3 5 4 3 
47 2 5 2 3 0 
48 0 0 4 3 0 
49 0 1 0 0 2 
50 0 0 4 3 5 
51 1 1 5 0 3 
52 1 3 0 3 3 
53 5 0 5 0 0 
54 0 1 0 0 4 
55 4 2 5 4 3 
56 3 0 3 4 5 
57 2 5 0 0 0 
58 1 5 2 0 0 
59 4 0 4 0 3 
60 0 3 1 1 2 
61 4 3 4 0 2 
62 2 4 3 0 0 
63 3 4 1 4 0 
64 0 0 0 1 4 
65 0 0 0 3 0 
66 4 5 0 4 0 
67 4 4 3 1 5 
68 0 2 1 1 3 
69 3 0 3 3 5 
70 0 4 3 3 2 
71 0 4 0 0 3 
72 2 3 5 0 0 
73 0 4 0 3 0 
74 4 0 0 5 0 
75 2 4 0 4 0 
76 3 4 4 1 0 
77 0 3 0 4 1 
78 1 0 2 1 4 
79 0 1 0 3 3 
80 0 4 0 4 0 
81 4 3 0 0 3 
82 2 2 4 5 5 
83 3 1 3 3 0 
84 4 3 0 2 2 
85 3 0 0 0 2 
86 4 5 0 4 1 
87 4 4 3 2 3 
88 0 0 4 1 2 
89 5 3 0 3 1 
90 0 4 4 1 0 
91 0 4 1 5 2 
92 0 0 4 0 0 
93 0 1 0 5 3 
94 2 0 1 1 4 
95 0 4 4 1 0 
96 5 0 0 3 4 
97 5 3 0 2 4 
98 5 2 0 4 0 
99 1 0 2 1 2 
100 0 5 1 0 0 
101 20 0 0 0 0 
102 0 20 0 0 0 
103 0 0 20 0 0 
104 0 0 0 20 0 
105 0 0 0 0 20 
MDEPOT_SECTION
101 102 103 104 105 
EOF
