TYPE: HDVRPSV
DEMAND_DIMENSION: 10
DIMENSION: 810
DEPOT_NUMBERS: 10
EDGE_WEIGHT_TYPE: EUC_2D
MCAPACITY: 
1 20 20 20 20 20 20 20 20 20 20 
NODE_COORD_SECTION
1 356.53 259.49
2 322.41 481.06
3 247.46 510.62
4 850.06 175.51
5 410.06 911.28
6 759.73 32.85
7 9.1 335.06
8 885.45 372.96
9 468.49 683.56
10 742.51 676.55
11 416.97 407.97
12 99.05 691.84
13 144.82 640.41
14 617.37 18.14
15 261.55 218.32
16 181.79 283.58
17 28.61 578.39
18 262.28 928.66
19 880.5 817.05
20 222.83 649.25
21 541.68 34.18
22 934.59 335.28
23 784.54 316.01
24 282.0 161.69
25 131.16 319.85
26 4.86 544.51
27 185.86 621.88
28 601.12 814.8
29 290.38 780.74
30 328.98 390.39
31 419.94 492.14
32 707.07 283.57
33 983.95 629.73
34 849.75 501.06
35 974.85 907.25
36 157.75 513.2
37 436.17 117.68
38 894.46 731.0
39 463.13 494.43
40 389.63 39.22
41 934.11 128.28
42 130.5 397.33
43 8.21 740.04
44 91.85 727.6
45 317.87 722.26
46 679.98 758.34
47 789.23 233.67
48 697.23 875.42
49 298.54 145.92
50 543.24 717.53
51 474.95 889.73
52 627.49 671.22
53 262.55 177.4
54 811.39 322.89
55 851.85 94.04
56 961.71 705.32
57 165.32 517.03
58 237.1 847.03
59 622.23 720.84
60 846.77 159.47
61 401.66 102.26
62 205.34 150.99
63 204.11 974.63
64 799.66 966.47
65 426.91 642.75
66 267.45 51.69
67 146.08 994.1
68 47.13 241.02
69 374.37 895.92
70 479.47 370.93
71 683.3 26.59
72 812.16 211.16
73 990.36 556.62
74 379.03 237.27
75 43.71 971.13
76 809.74 730.71
77 762.91 949.94
78 187.03 355.42
79 471.28 723.97
80 235.91 268.63
81 262.69 117.57
82 525.61 828.41
83 69.9 957.51
84 486.49 299.06
85 22.58 885.12
86 209.25 641.21
87 236.15 940.89
88 120.24 292.5
89 582.53 245.98
90 198.28 261.46
91 47.39 675.98
92 391.27 336.53
93 941.25 818.34
94 999.78 182.77
95 508.72 241.87
96 823.1 213.33
97 960.23 75.48
98 283.26 567.77
99 517.41 677.26
100 877.81 320.72
101 788.77 872.88
102 883.33 51.9
103 111.24 517.13
104 736.75 734.93
105 293.0 205.19
106 474.63 938.25
107 597.55 764.24
108 834.87 470.03
109 537.76 514.32
110 318.33 736.28
111 431.99 458.38
112 961.67 918.9
113 346.36 75.68
114 299.46 359.12
115 489.11 415.41
116 363.89 942.22
117 626.04 941.43
118 148.44 18.17
119 120.41 146.35
120 31.89 0.07
121 694.16 645.56
122 341.95 760.38
123 873.9 592.73
124 671.71 660.63
125 76.61 493.54
126 291.03 837.02
127 881.29 727.16
128 111.2 361.0
129 857.09 538.58
130 962.04 364.96
131 457.16 199.42
132 34.5 733.93
133 901.36 86.18
134 577.66 67.0
135 733.43 570.19
136 572.64 544.22
137 29.46 910.87
138 131.99 163.75
139 218.19 840.48
140 118.1 317.6
141 856.44 289.04
142 941.54 285.36
143 270.37 864.31
144 874.4 476.84
145 200.0 374.46
146 585.69 184.15
147 517.82 259.6
148 91.3 648.63
149 783.23 745.87
150 583.88 452.84
151 249.78 968.97
152 612.14 398.46
153 419.42 906.38
154 525.13 900.59
155 384.83 853.13
156 639.39 26.95
157 961.06 67.61
158 392.79 749.11
159 179.6 774.95
160 562.46 647.52
161 490.73 992.64
162 427.93 893.7
163 704.5 431.57
164 535.54 845.42
165 721.23 987.06
166 452.64 138.19
167 53.21 929.7
168 237.35 456.75
169 178.01 769.67
170 785.23 446.86
171 978.85 777.83
172 965.18 212.06
173 629.17 822.1
174 192.91 548.3
175 206.26 582.96
176 195.17 632.09
177 472.44 456.14
178 145.49 946.95
179 49.2 641.73
180 748.55 303.75
181 14.53 292.48
182 571.14 330.36
183 677.84 495.85
184 839.01 374.54
185 260.57 994.34
186 401.96 958.47
187 803.98 254.41
188 860.91 40.37
189 104.79 374.6
190 84.83 53.67
191 245.67 423.89
192 361.42 113.87
193 652.5 739.5
194 253.05 351.31
195 55.67 321.62
196 120.0 956.12
197 658.58 499.51
198 786.17 70.65
199 109.95 109.59
200 649.19 549.23
201 136.41 457.82
202 596.44 122.91
203 828.89 375.75
204 227.56 409.29
205 378.1 901.71
206 481.67 828.24
207 428.91 534.07
208 859.74 758.2
209 135.15 463.47
210 165.65 282.63
211 285.97 872.54
212 946.78 396.88
213 693.74 575.87
214 41.82 833.34
215 536.36 48.6
216 183.52 298.22
217 811.67 70.4
218 498.37 83.36
219 926.37 619.44
220 608.96 150.74
221 382.5 535.31
222 176.05 813.68
223 446.58 628.86
224 884.04 498.86
225 203.31 275.61
226 924.02 899.32
227 583.58 729.67
228 862.62 375.49
229 953.43 3.1
230 151.27 720.6
231 218.12 659.56
232 123.51 638.1
233 888.54 948.62
234 496.36 667.42
235 280.69 980.68
236 92.68 701.12
237 267.06 236.48
238 582.17 683.41
239 501.8 565.03
240 131.64 243.97
241 390.58 408.01
242 720.55 985.71
243 665.01 422.04
244 128.45 119.0
245 984.51 532.4
246 181.18 255.94
247 921.19 712.29
248 823.69 512.54
249 522.64 146.73
250 77.61 283.92
251 191.66 26.32
252 719.8 735.93
253 574.79 688.54
254 632.03 559.31
255 378.02 316.36
256 778.06 841.48
257 291.82 60.62
258 584.14 112.14
259 472.01 874.97
260 272.82 631.73
261 929.95 286.53
262 150.26 878.32
263 970.52 714.32
264 208.76 316.51
265 442.19 340.87
266 921.33 492.19
267 843.02 233.11
268 531.78 324.67
269 980.95 192.48
270 453.72 176.82
271 605.29 433.46
272 708.23 596.92
273 599.33 546.29
274 637.33 345.69
275 160.85 159.54
276 142.82 555.51
277 916.91 765.85
278 292.07 603.02
279 416.32 691.24
280 965.06 674.56
281 481.94 567.43
282 89.63 919.01
283 513.16 171.41
284 432.17 482.61
285 603.06 103.65
286 206.66 343.49
287 330.04 815.5
288 261.11 946.98
289 999.73 865.26
290 646.63 532.66
291 553.97 52.91
292 30.41 358.91
293 848.1 795.19
294 838.58 284.19
295 930.99 381.38
296 410.43 937.18
297 144.49 47.45
298 157.84 609.84
299 54.08 64.8
300 842.13 630.8
301 455.48 698.79
302 801.03 710.26
303 640.59 708.5
304 704.01 905.36
305 771.92 63.01
306 514.52 394.94
307 172.33 752.46
308 366.81 111.97
309 379.99 426.13
310 415.63 181.2
311 508.09 221.82
312 398.47 313.76
313 802.37 786.37
314 681.22 678.23
315 142.39 558.01
316 4.24 850.07
317 946.4 271.34
318 733.93 46.21
319 422.89 985.74
320 67.4 502.57
321 964.29 368.29
322 969.05 460.1
323 933.14 5.23
324 168.02 928.95
325 418.59 208.36
326 507.1 930.31
327 818.71 735.58
328 238.87 150.15
329 742.61 624.5
330 286.33 688.72
331 624.49 845.85
332 220.07 17.39
333 337.6 684.87
334 828.45 266.75
335 548.08 364.71
336 938.79 236.72
337 480.49 821.74
338 341.39 230.69
339 315.58 926.93
340 353.52 452.75
341 586.77 618.93
342 453.56 938.63
343 366.27 425.78
344 867.06 166.85
345 583.33 225.39
346 838.83 482.2
347 427.24 408.88
348 515.87 118.64
349 50.98 96.06
350 138.22 795.4
351 311.01 633.79
352 987.18 293.72
353 464.17 366.57
354 195.56 638.58
355 239.39 997.54
356 79.36 829.65
357 753.05 278.62
358 246.86 324.63
359 679.53 741.68
360 290.74 67.39
361 292.78 284.83
362 123.93 148.75
363 155.44 887.32
364 765.21 578.53
365 685.83 721.71
366 6.14 11.78
367 534.06 107.62
368 361.71 217.2
369 309.72 825.01
370 737.09 378.52
371 939.58 837.91
372 521.42 906.12
373 868.61 314.1
374 782.17 196.22
375 757.3 879.19
376 217.31 41.15
377 670.7 957.87
378 370.38 837.45
379 526.69 97.06
380 323.96 367.28
381 305.46 43.7
382 506.71 996.71
383 434.47 973.55
384 181.06 622.66
385 582.63 589.84
386 600.93 608.46
387 853.11 267.69
388 893.94 826.94
389 435.09 363.5
390 637.73 52.34
391 969.26 935.98
392 301.13 675.06
393 775.25 4.58
394 152.45 280.53
395 342.68 611.12
396 791.09 44.53
397 183.86 199.35
398 234.25 744.42
399 87.65 696.29
400 544.31 166.02
401 988.03 725.86
402 552.08 577.97
403 512.82 859.11
404 275.62 232.92
405 129.73 61.75
406 21.59 630.03
407 483.9 849.06
408 110.25 947.12
409 457.58 571.03
410 302.3 346.71
411 502.14 319.07
412 469.62 613.12
413 366.73 467.5
414 355.2 759.03
415 847.13 512.55
416 607.68 422.44
417 791.14 442.59
418 761.5 310.12
419 955.75 483.03
420 287.57 726.96
421 152.1 541.02
422 567.61 260.51
423 239.34 294.19
424 333.53 390.43
425 27.71 795.23
426 10.58 747.42
427 602.99 171.54
428 248.78 149.65
429 484.03 19.65
430 463.05 562.67
431 481.35 181.25
432 129.49 174.27
433 598.25 155.31
434 970.52 413.65
435 635.62 93.75
436 190.25 842.21
437 470.97 554.91
438 560.57 939.96
439 813.06 508.69
440 958.97 200.15
441 834.29 422.76
442 271.82 980.0
443 995.75 164.6
444 330.85 725.27
445 806.37 832.55
446 354.2 718.63
447 763.26 481.67
448 183.4 842.76
449 938.73 509.02
450 911.21 741.7
451 100.2 912.5
452 608.53 539.88
453 923.57 149.05
454 327.68 804.23
455 990.65 537.79
456 558.33 22.19
457 962.11 292.4
458 4.19 170.12
459 630.97 843.8
460 190.36 261.4
461 368.44 364.57
462 160.4 920.37
463 896.39 442.61
464 390.48 646.78
465 402.49 404.87
466 213.75 76.22
467 656.59 76.26
468 886.62 158.2
469 591.51 181.94
470 810.24 856.02
471 817.63 995.38
472 66.45 360.37
473 68.36 1.96
474 558.61 62.06
475 750.2 80.76
476 849.34 171.57
477 955.53 224.83
478 350.45 961.49
479 882.41 275.52
480 260.54 410.38
481 763.46 428.21
482 842.42 857.34
483 259.17 64.81
484 966.75 902.23
485 2.49 700.71
486 934.67 770.86
487 790.98 292.57
488 315.94 126.12
489 83.05 651.7
490 865.16 125.17
491 148.52 619.85
492 741.19 38.14
493 923.16 543.39
494 278.6 342.56
495 567.31 986.57
496 129.66 668.3
497 128.23 527.79
498 373.01 687.71
499 21.36 79.12
500 788.64 852.58
501 896.61 995.28
502 373.15 75.84
503 767.67 440.59
504 56.25 13.91
505 139.45 121.86
506 453.25 739.48
507 747.42 869.48
508 106.82 754.45
509 743.68 857.92
510 176.43 148.49
511 128.46 735.51
512 576.75 57.7
513 357.04 783.96
514 226.15 654.27
515 54.7 98.8
516 822.93 578.49
517 328.7 754.18
518 460.82 671.19
519 264.51 870.97
520 718.4 421.77
521 891.88 687.94
522 869.77 330.18
523 226.43 96.58
524 677.2 716.29
525 860.65 181.62
526 113.75 302.94
527 851.89 336.16
528 810.09 776.11
529 365.74 211.89
530 579.93 189.14
531 267.69 266.51
532 375.2 846.7
533 833.36 442.17
534 890.33 815.78
535 176.7 367.38
536 120.87 622.94
537 996.52 538.14
538 917.34 455.52
539 307.26 590.65
540 479.5 334.42
541 735.1 594.43
542 786.69 949.74
543 960.81 924.8
544 206.89 20.35
545 879.48 412.21
546 641.56 862.85
547 888.08 245.54
548 745.97 933.27
549 417.88 205.52
550 363.05 285.96
551 630.64 772.48
552 504.16 524.31
553 363.25 493.58
554 71.35 529.46
555 208.84 14.73
556 360.87 850.46
557 546.43 210.52
558 883.17 359.66
559 894.37 402.7
560 578.6 463.42
561 752.15 948.91
562 902.1 926.65
563 504.53 69.42
564 205.93 926.48
565 929.2 841.9
566 133.81 193.58
567 471.54 163.84
568 578.49 34.17
569 777.15 259.27
570 197.95 508.72
571 897.16 453.57
572 965.08 493.8
573 841.31 606.83
574 979.18 666.71
575 555.85 193.46
576 507.47 169.24
577 610.13 184.49
578 969.04 670.25
579 222.9 878.77
580 70.81 438.26
581 390.06 660.6
582 80.34 725.97
583 185.75 888.26
584 679.27 226.15
585 847.43 642.9
586 619.63 135.32
587 571.17 644.12
588 479.2 763.49
589 150.14 447.59
590 437.09 665.32
591 577.31 183.75
592 186.76 331.51
593 717.86 951.54
594 483.79 428.85
595 499.04 260.64
596 653.63 573.56
597 828.9 387.42
598 281.98 414.41
599 88.96 287.33
600 475.99 312.03
601 535.85 602.15
602 691.99 954.7
603 477.1 319.84
604 446.48 515.22
605 1.27 952.77
606 819.33 465.14
607 235.99 817.41
608 64.61 384.29
609 931.32 68.44
610 269.28 826.97
611 980.0 665.02
612 51.95 118.49
613 275.67 4.35
614 956.25 282.38
615 808.89 203.73
616 79.57 441.05
617 30.86 764.64
618 3.86 503.52
619 627.01 321.04
620 78.39 969.24
621 755.37 151.83
622 890.96 117.79
623 765.19 164.87
624 473.04 353.02
625 488.98 300.87
626 424.65 940.57
627 684.39 999.1
628 250.41 703.8
629 789.75 710.45
630 718.78 508.24
631 829.75 14.64
632 662.56 0.68
633 352.01 535.31
634 668.46 24.46
635 338.79 358.29
636 449.59 45.07
637 411.27 342.98
638 22.16 234.23
639 719.89 470.93
640 81.23 497.8
641 365.05 44.62
642 860.98 528.62
643 173.95 558.86
644 731.36 321.44
645 463.98 742.44
646 768.46 137.5
647 790.24 842.25
648 189.2 672.56
649 750.91 838.41
650 759.61 978.93
651 801.12 381.85
652 21.18 12.5
653 939.25 360.68
654 968.47 518.49
655 329.11 96.26
656 298.94 955.47
657 528.58 140.51
658 588.6 388.16
659 424.57 593.99
660 571.22 981.59
661 654.81 912.21
662 160.8 841.38
663 733.83 867.32
664 873.44 615.5
665 791.43 943.01
666 950.74 578.99
667 343.13 357.84
668 616.98 751.37
669 152.58 981.91
670 221.19 859.79
671 931.37 355.12
672 767.09 147.39
673 722.3 445.69
674 226.14 679.22
675 126.37 709.42
676 106.32 231.14
677 490.94 130.32
678 158.84 251.45
679 696.79 167.29
680 11.14 950.79
681 56.51 829.33
682 173.02 283.09
683 708.43 658.6
684 311.89 633.84
685 759.61 872.5
686 345.02 305.84
687 958.87 958.71
688 41.13 721.13
689 697.24 740.59
690 41.82 923.74
691 477.93 682.92
692 540.87 374.24
693 282.79 414.88
694 131.42 199.46
695 180.84 206.22
696 802.2 126.42
697 189.03 590.26
698 948.23 522.67
699 271.33 869.02
700 105.91 358.75
701 234.76 915.52
702 456.82 550.39
703 825.73 137.65
704 875.43 200.87
705 876.75 79.3
706 610.91 809.48
707 61.72 152.84
708 816.89 981.91
709 409.43 1.95
710 83.67 730.7
711 295.07 882.29
712 506.77 815.38
713 838.03 55.66
714 406.37 451.98
715 436.74 562.58
716 365.8 804.12
717 200.78 719.16
718 558.33 151.91
719 226.44 62.94
720 856.26 507.45
721 924.13 336.02
722 185.37 295.5
723 859.3 843.98
724 348.83 759.65
725 749.07 948.72
726 923.73 672.0
727 737.99 100.45
728 306.03 737.27
729 244.7 694.71
730 376.51 110.89
731 974.43 701.93
732 875.85 117.26
733 579.32 489.88
734 863.34 841.38
735 990.46 271.84
736 54.59 110.65
737 820.41 775.97
738 871.26 155.62
739 96.03 547.03
740 508.56 142.85
741 61.24 937.46
742 986.29 430.61
743 133.48 557.96
744 350.48 217.5
745 954.29 853.16
746 415.7 806.87
747 715.7 183.08
748 541.91 220.5
749 118.51 503.67
750 993.93 383.16
751 164.05 502.77
752 967.21 753.67
753 326.39 452.33
754 200.78 742.37
755 926.6 45.51
756 614.55 464.69
757 371.58 378.0
758 896.4 930.64
759 325.5 415.31
760 79.53 116.13
761 12.03 426.77
762 977.36 428.24
763 187.18 861.01
764 792.45 299.34
765 902.81 550.25
766 795.48 948.78
767 137.9 619.59
768 888.04 14.1
769 271.34 716.68
770 226.99 9.44
771 846.71 960.71
772 74.18 265.25
773 285.28 183.47
774 470.96 773.27
775 371.07 180.14
776 492.4 359.55
777 828.67 29.26
778 789.0 156.97
779 42.73 237.36
780 821.44 411.29
781 892.05 741.06
782 735.51 94.49
783 75.13 615.53
784 368.92 515.05
785 220.36 215.57
786 530.62 497.3
787 146.48 179.34
788 793.26 32.53
789 39.37 616.99
790 129.52 127.05
791 954.4 884.14
792 50.05 346.04
793 626.33 305.78
794 470.96 459.0
795 867.45 982.21
796 589.82 136.64
797 516.6 500.45
798 783.61 625.29
799 503.62 352.79
800 995.53 740.28
801 805.2 477.55
802 138.94 404.5
803 734.19 420.91
804 880.54 855.53
805 285.48 37.07
806 5.15 369.36
807 718.24 425.86
808 628.71 742.59
809 184.55 846.04
810 149.44 132.02
DEMAND_SECTION
1 4 1 3 5 0 0 0 0 2 4 
2 1 3 3 0 1 1 0 0 0 0 
3 3 2 2 2 0 0 0 0 0 0 
4 1 0 4 0 1 0 5 0 0 2 
5 0 2 0 5 1 2 4 1 0 1 
6 0 2 0 0 4 0 5 1 0 5 
7 5 0 0 2 5 1 0 0 0 0 
8 0 4 0 0 2 4 0 4 0 0 
9 0 1 5 3 5 0 4 0 0 2 
10 0 5 4 4 4 5 0 4 0 3 
11 5 0 5 0 0 0 1 2 0 4 
12 5 0 2 0 0 0 0 0 3 4 
13 4 0 5 2 0 0 0 3 1 1 
14 3 0 0 0 0 0 4 3 5 2 
15 3 1 0 4 2 0 0 0 5 3 
16 1 5 0 0 3 1 0 1 4 3 
17 0 0 1 3 3 4 4 2 5 0 
18 3 0 0 1 0 5 0 0 2 4 
19 0 0 0 2 1 2 0 2 0 0 
20 2 3 5 3 5 0 0 3 0 2 
21 4 3 2 1 3 0 0 0 2 2 
22 2 1 0 0 0 4 3 0 4 2 
23 5 0 2 0 0 0 0 4 4 4 
24 0 3 0 1 0 5 1 0 0 0 
25 0 5 0 2 0 3 4 0 1 0 
26 1 0 5 5 3 1 1 4 1 1 
27 0 0 0 0 0 0 5 0 2 0 
28 0 2 0 0 1 4 0 0 0 2 
29 5 0 0 0 0 3 0 0 3 0 
30 0 0 0 1 0 0 4 5 1 0 
31 4 2 0 1 2 0 1 0 5 0 
32 2 0 0 5 4 4 2 2 0 3 
33 1 3 2 0 1 0 0 2 4 0 
34 0 2 0 0 2 5 2 0 1 3 
35 0 3 4 3 0 0 2 0 4 3 
36 1 0 5 4 3 0 2 0 0 1 
37 2 5 1 1 1 1 5 1 2 5 
38 0 0 0 0 2 4 1 3 3 0 
39 0 0 5 5 4 0 5 0 0 5 
40 5 4 0 5 0 1 3 4 0 0 
41 1 1 1 0 3 0 0 0 0 4 
42 0 5 0 5 0 0 5 0 5 0 
43 3 3 5 1 2 2 4 0 0 0 
44 0 0 1 1 0 3 2 0 0 4 
45 0 0 1 4 0 0 0 0 0 0 
46 2 0 3 1 3 0 0 3 0 0 
47 5 1 0 1 0 4 5 4 3 5 
48 0 2 3 5 0 0 4 4 0 4 
49 3 0 0 5 0 0 0 5 0 5 
50 0 0 5 4 0 0 2 5 3 3 
51 2 1 3 0 0 0 4 5 5 0 
52 1 0 3 4 1 4 0 0 3 2 
53 5 0 0 0 2 5 4 0 4 0 
54 2 0 5 3 4 1 4 0 5 2 
55 0 0 0 3 4 0 1 5 4 0 
56 3 2 2 5 0 0 2 1 3 1 
57 1 0 0 1 0 1 0 4 0 3 
58 2 0 1 0 1 0 3 0 0 0 
59 3 5 0 0 2 5 4 5 0 0 
60 5 4 0 5 0 0 0 0 5 0 
61 5 0 3 1 0 1 3 2 0 4 
62 0 4 0 0 3 5 2 2 0 1 
63 2 3 1 3 0 5 0 0 1 2 
64 1 3 2 2 3 0 1 2 0 0 
65 0 2 4 5 0 0 4 4 5 0 
66 3 0 0 5 0 0 0 0 0 0 
67 0 3 2 4 2 0 0 5 4 2 
68 0 2 2 1 0 2 0 2 0 0 
69 3 0 3 2 1 3 4 0 4 0 
70 5 3 3 0 5 3 0 0 0 1 
71 0 1 3 2 0 1 0 5 0 3 
72 4 3 0 0 2 0 0 1 0 0 
73 0 0 1 2 0 0 0 0 3 1 
74 4 5 0 0 2 0 0 0 0 5 
75 5 1 0 0 0 0 0 4 0 3 
76 4 0 3 0 4 2 0 3 5 2 
77 0 1 0 0 1 3 0 1 0 0 
78 4 0 0 4 0 0 5 0 1 0 
79 5 0 0 5 0 0 4 1 3 0 
80 0 0 5 5 0 0 0 0 0 0 
81 0 2 2 0 1 3 2 3 2 0 
82 4 1 5 0 0 0 1 4 0 0 
83 4 1 4 0 0 1 5 1 0 3 
84 4 1 0 0 1 1 0 0 5 4 
85 5 0 1 1 4 0 1 0 2 1 
86 4 2 1 5 0 5 0 0 0 4 
87 5 3 2 5 2 0 0 5 0 1 
88 5 3 0 0 0 1 4 4 0 2 
89 5 0 0 3 0 0 0 3 2 4 
90 2 0 0 0 0 5 3 1 0 0 
91 1 3 4 2 2 0 2 3 0 2 
92 2 3 0 1 2 0 1 4 5 1 
93 0 2 0 0 3 0 0 4 0 0 
94 3 0 3 4 0 2 2 3 5 5 
95 3 0 1 5 4 0 4 2 4 4 
96 5 0 0 0 0 3 0 3 1 3 
97 3 0 0 0 2 0 0 0 0 1 
98 2 2 2 4 0 5 4 0 0 1 
99 0 0 0 3 0 0 1 3 0 0 
100 3 1 0 3 1 0 4 0 3 0 
101 0 4 0 0 0 5 1 4 4 0 
102 0 3 1 0 1 1 3 0 5 2 
103 0 2 4 0 0 3 0 0 3 0 
104 1 4 0 0 1 1 4 2 4 0 
105 3 1 5 0 5 5 5 2 1 3 
106 4 3 2 0 5 0 0 0 1 0 
107 1 1 3 0 0 0 0 4 0 0 
108 0 0 2 5 1 3 0 1 4 1 
109 0 3 2 3 0 1 1 0 0 3 
110 0 0 3 3 3 2 5 0 0 5 
111 4 0 0 0 0 3 2 4 5 5 
112 5 4 0 4 0 5 0 0 1 0 
113 2 3 0 3 2 0 5 3 3 0 
114 0 0 5 5 0 1 2 0 5 5 
115 0 0 0 0 5 0 1 0 0 2 
116 3 0 0 0 0 0 0 0 3 4 
117 4 3 4 5 4 0 5 0 0 0 
118 4 1 5 0 3 1 3 4 0 2 
119 2 4 0 0 3 0 2 2 1 4 
120 0 0 3 4 0 4 1 3 0 0 
121 0 0 0 2 2 0 4 0 0 3 
122 4 1 0 3 1 0 0 2 0 0 
123 2 5 5 0 3 5 0 0 2 0 
124 0 2 1 2 2 0 0 4 0 0 
125 2 4 3 0 1 2 0 3 0 0 
126 4 1 1 4 0 0 1 4 4 0 
127 0 5 0 5 0 0 0 5 3 0 
128 5 0 0 0 0 0 0 1 3 0 
129 3 1 4 4 2 0 3 0 4 3 
130 2 1 3 0 0 4 0 0 0 0 
131 0 0 5 0 0 0 2 0 4 1 
132 0 0 0 2 0 5 0 0 0 3 
133 1 5 1 4 4 2 3 0 4 2 
134 3 5 2 1 3 0 0 1 0 0 
135 0 2 4 0 5 4 5 0 4 0 
136 0 1 0 4 3 2 0 3 0 0 
137 4 4 4 3 1 0 0 5 3 0 
138 1 2 5 0 4 4 5 0 0 5 
139 0 2 0 1 0 4 0 0 0 2 
140 2 3 4 4 0 0 0 1 1 3 
141 5 2 4 0 0 0 2 0 1 1 
142 0 4 4 0 1 0 0 1 0 0 
143 0 0 0 0 5 5 2 0 4 0 
144 3 0 0 1 0 4 2 5 1 0 
145 5 1 0 0 5 5 4 4 0 0 
146 0 4 5 4 1 0 2 4 5 1 
147 0 2 1 5 2 1 1 0 5 0 
148 1 0 5 0 4 0 1 0 5 0 
149 0 5 1 3 0 5 5 1 4 5 
150 4 3 5 0 2 0 4 1 4 4 
151 0 0 3 5 2 1 3 3 0 0 
152 2 0 0 0 4 0 3 1 1 1 
153 4 5 5 3 1 5 4 1 5 3 
154 4 0 0 5 2 5 4 5 4 4 
155 3 0 2 0 4 4 0 0 0 5 
156 4 0 0 2 1 0 0 2 0 1 
157 2 5 0 3 0 3 0 0 2 0 
158 0 0 5 3 3 3 0 4 1 5 
159 3 4 2 0 0 5 3 0 2 3 
160 4 0 3 2 1 3 1 1 0 0 
161 2 0 1 5 0 0 0 0 0 0 
162 0 0 0 4 1 0 5 4 0 4 
163 0 1 0 4 1 0 0 1 5 0 
164 0 1 0 0 1 2 5 4 0 3 
165 2 4 2 5 0 3 5 2 2 0 
166 4 0 0 2 5 1 2 0 1 5 
167 3 0 0 3 2 4 0 1 0 0 
168 0 2 0 0 2 3 0 4 0 0 
169 0 3 0 1 4 2 0 5 4 3 
170 0 1 0 3 2 0 0 0 4 0 
171 0 2 2 4 0 1 0 0 3 1 
172 5 0 4 3 0 4 0 0 3 0 
173 2 0 3 3 2 3 3 2 4 5 
174 0 1 0 3 0 1 0 0 0 2 
175 0 3 1 2 2 0 0 1 5 0 
176 3 0 0 3 1 3 1 0 5 0 
177 4 4 2 5 0 0 0 4 5 0 
178 0 5 4 1 0 0 5 1 0 0 
179 1 1 2 3 5 0 0 2 5 5 
180 0 0 0 2 2 3 2 5 2 5 
181 3 4 5 0 3 3 0 0 0 0 
182 1 4 0 1 1 3 0 1 0 1 
183 0 2 2 0 4 0 0 5 3 2 
184 5 2 3 0 2 0 2 1 5 2 
185 1 0 1 0 0 1 1 0 1 2 
186 0 0 0 0 2 3 3 0 2 0 
187 4 0 3 0 5 0 5 3 5 0 
188 0 0 5 1 0 0 3 0 0 2 
189 0 0 2 3 2 0 0 0 5 3 
190 2 0 1 0 3 1 3 4 4 3 
191 0 0 0 0 0 4 2 0 2 0 
192 4 4 3 0 3 0 1 2 0 0 
193 5 2 0 1 0 0 1 3 0 1 
194 0 3 0 5 4 1 1 0 1 0 
195 0 3 0 0 0 3 2 0 1 5 
196 1 0 0 1 4 5 2 0 5 1 
197 0 1 0 0 3 0 3 2 0 3 
198 3 0 5 1 0 5 0 2 3 0 
199 4 4 3 3 3 0 1 0 0 1 
200 0 2 5 0 0 3 1 0 0 3 
201 5 4 2 4 0 1 2 4 0 5 
202 2 2 3 0 0 1 0 5 0 1 
203 4 0 2 4 0 2 0 0 0 5 
204 2 0 2 0 3 1 5 0 0 0 
205 0 3 0 0 3 3 3 0 0 0 
206 0 0 3 1 0 4 4 0 3 0 
207 0 3 1 0 0 2 0 2 0 3 
208 1 0 0 4 0 0 3 0 4 0 
209 0 0 5 0 3 0 5 2 1 0 
210 0 0 0 0 2 3 2 1 0 0 
211 1 1 0 4 1 2 3 0 0 0 
212 5 1 0 1 1 2 3 0 0 0 
213 0 0 5 0 0 0 0 0 0 0 
214 0 0 5 0 3 0 1 0 5 1 
215 1 5 4 2 1 3 3 0 4 0 
216 3 0 0 3 1 3 5 0 4 2 
217 5 4 0 0 0 1 2 3 2 1 
218 5 4 1 4 0 3 5 5 4 1 
219 0 3 4 0 0 2 0 0 3 1 
220 4 2 5 0 0 0 2 4 0 1 
221 2 0 0 3 3 0 0 5 5 0 
222 2 0 1 0 2 1 3 0 0 0 
223 0 2 1 3 0 0 3 0 0 1 
224 4 3 3 2 1 0 0 2 2 0 
225 0 4 5 0 3 4 5 1 3 4 
226 0 1 0 4 2 2 2 0 4 2 
227 0 0 0 0 3 0 0 4 0 5 
228 5 2 0 0 2 0 4 5 0 0 
229 0 0 0 3 4 0 4 0 2 1 
230 0 0 2 2 0 0 5 5 3 3 
231 3 4 3 0 2 1 0 4 5 3 
232 2 4 0 2 0 5 0 1 5 2 
233 0 0 0 0 5 4 0 5 0 3 
234 0 1 5 3 4 1 1 5 0 3 
235 3 0 0 0 0 0 0 1 5 5 
236 2 1 0 0 1 0 0 3 0 0 
237 0 0 0 3 2 2 5 1 1 0 
238 5 2 2 3 0 0 1 5 3 5 
239 0 2 5 5 0 0 0 1 0 3 
240 5 0 2 1 5 0 0 0 5 0 
241 0 2 4 0 3 2 0 2 0 0 
242 3 2 0 3 0 3 0 0 0 5 
243 0 2 3 1 1 0 3 5 5 0 
244 5 0 0 0 0 0 0 4 0 4 
245 0 0 1 0 3 3 4 0 0 0 
246 0 5 0 5 0 5 4 0 0 0 
247 0 2 3 0 2 1 0 0 5 4 
248 2 1 4 3 3 1 1 0 0 0 
249 1 0 3 4 4 0 0 5 0 0 
250 0 3 2 4 5 3 0 4 0 4 
251 1 0 0 5 0 0 5 0 0 3 
252 0 0 0 0 4 1 4 0 0 2 
253 1 0 1 4 0 2 0 0 4 0 
254 3 0 0 0 0 3 2 0 2 0 
255 5 0 5 0 3 0 0 2 2 5 
256 5 0 0 4 0 0 5 0 1 0 
257 5 1 3 5 0 5 2 5 0 2 
258 1 2 0 0 1 0 1 0 3 0 
259 5 0 2 4 0 3 1 3 0 4 
260 4 4 3 0 3 2 3 0 1 3 
261 0 1 0 0 0 0 3 5 4 0 
262 0 0 0 5 0 0 5 5 0 4 
263 1 1 0 4 2 5 5 4 5 0 
264 4 1 1 2 1 0 0 0 0 0 
265 5 0 3 0 0 3 1 1 3 2 
266 1 1 4 0 3 4 5 4 2 3 
267 2 0 3 0 5 3 0 0 1 0 
268 0 1 0 1 0 0 0 1 0 1 
269 3 3 0 4 2 1 2 0 0 0 
270 3 1 4 4 0 0 0 0 3 0 
271 5 0 5 0 5 0 0 4 0 0 
272 0 3 5 0 0 0 5 0 0 5 
273 0 5 1 0 2 3 0 0 0 4 
274 0 2 3 2 1 0 3 0 5 3 
275 0 0 0 0 0 0 5 1 2 2 
276 4 0 0 0 4 5 1 0 3 3 
277 3 0 0 2 0 2 5 1 4 2 
278 3 4 0 4 5 2 3 1 0 0 
279 0 2 2 3 0 1 4 5 5 4 
280 3 4 1 2 5 0 0 3 0 5 
281 3 0 0 3 0 0 0 2 1 1 
282 0 0 0 0 1 3 1 0 5 0 
283 3 0 1 4 0 2 1 3 1 0 
284 3 4 1 0 0 0 0 4 0 5 
285 2 5 0 2 2 0 1 2 1 1 
286 1 0 0 0 0 0 0 0 3 1 
287 0 3 0 0 2 0 0 0 1 1 
288 3 2 2 5 2 0 4 5 5 1 
289 0 0 0 3 0 5 0 2 0 0 
290 0 3 2 0 0 1 3 4 2 0 
291 0 0 2 4 2 0 0 2 4 2 
292 0 0 2 4 4 0 3 0 4 4 
293 5 5 0 4 0 4 4 0 0 0 
294 4 5 0 0 0 1 1 2 4 0 
295 2 3 1 0 0 0 0 5 0 2 
296 5 0 4 0 0 0 3 3 1 0 
297 1 5 5 0 5 0 3 4 4 1 
298 5 5 4 4 5 2 2 4 3 3 
299 0 4 0 0 0 4 2 0 0 1 
300 0 0 3 0 2 4 2 3 0 0 
301 2 0 4 0 2 5 5 5 5 0 
302 2 4 2 4 5 5 0 1 0 1 
303 3 0 3 2 2 3 4 1 1 0 
304 1 0 0 0 4 0 5 3 3 0 
305 2 1 0 1 1 5 3 2 0 0 
306 5 3 0 1 5 2 3 0 0 5 
307 3 5 3 2 0 0 0 0 1 1 
308 4 0 5 2 3 2 0 0 0 4 
309 3 5 4 4 1 0 0 0 2 5 
310 1 0 5 4 1 0 2 0 0 0 
311 1 5 2 0 0 5 4 0 0 1 
312 3 0 4 0 2 0 0 0 0 0 
313 5 0 4 2 0 3 0 2 0 5 
314 1 3 0 0 0 0 0 4 3 4 
315 3 5 4 0 1 0 5 3 5 3 
316 4 0 0 0 0 5 2 4 2 2 
317 2 1 3 3 0 4 0 1 2 0 
318 5 3 5 3 0 3 0 2 0 0 
319 1 0 5 0 0 1 5 0 0 0 
320 2 3 0 4 2 0 0 2 3 1 
321 2 0 0 0 3 2 5 0 5 1 
322 3 4 0 4 4 0 0 4 5 3 
323 4 3 5 0 0 5 4 0 5 0 
324 0 4 2 0 1 0 2 0 0 0 
325 1 1 2 3 2 4 0 0 0 0 
326 2 0 1 0 4 0 5 0 0 0 
327 0 1 0 2 4 0 0 3 1 4 
328 0 2 0 0 3 3 5 1 5 4 
329 0 0 0 5 0 0 0 0 1 3 
330 5 3 0 2 0 0 0 1 0 1 
331 5 3 5 0 4 0 4 4 0 0 
332 0 0 2 4 0 4 0 3 0 4 
333 2 0 0 2 2 4 0 5 0 2 
334 1 5 0 2 5 3 4 2 3 0 
335 5 3 0 2 0 0 4 3 4 0 
336 1 5 0 3 4 4 3 3 0 3 
337 0 4 2 0 0 3 2 3 0 2 
338 3 0 5 2 3 4 1 0 0 4 
339 5 5 1 1 0 5 4 0 0 0 
340 4 5 0 4 0 0 0 2 3 2 
341 3 2 4 4 0 4 3 0 5 0 
342 0 5 1 0 0 5 1 0 4 1 
343 4 3 0 0 4 5 3 0 5 4 
344 2 3 5 0 5 0 2 5 2 4 
345 0 2 1 5 0 4 0 2 5 4 
346 5 0 4 1 2 5 3 0 2 0 
347 1 1 4 3 0 3 0 2 0 0 
348 0 4 0 0 0 4 0 4 5 0 
349 0 1 4 2 0 0 2 3 4 0 
350 5 0 2 0 0 5 3 2 4 0 
351 1 4 0 0 4 5 0 4 0 3 
352 5 1 2 4 5 0 4 0 5 5 
353 4 0 0 3 0 2 3 0 5 4 
354 3 3 5 0 0 4 0 3 5 0 
355 0 3 1 5 2 3 2 1 4 0 
356 0 5 1 5 5 5 4 0 4 3 
357 0 0 5 1 5 3 2 5 0 5 
358 3 0 2 1 1 5 2 0 1 0 
359 0 2 3 0 3 4 0 0 0 0 
360 4 2 3 2 1 0 0 0 0 5 
361 2 0 0 5 3 0 4 3 0 0 
362 0 2 5 2 0 0 1 3 0 4 
363 0 0 1 4 0 0 1 0 1 0 
364 1 0 3 1 0 0 4 4 0 2 
365 2 4 0 1 3 0 1 3 2 0 
366 4 0 0 2 0 5 1 3 0 3 
367 3 4 3 3 3 0 0 3 1 0 
368 5 0 0 0 0 5 4 3 0 0 
369 1 0 3 1 4 2 4 0 3 1 
370 1 0 2 0 2 0 1 3 4 0 
371 0 1 2 3 3 0 0 4 1 0 
372 5 3 2 0 0 1 4 3 3 4 
373 2 2 0 0 0 2 3 4 2 0 
374 2 4 5 4 4 0 1 0 3 0 
375 0 1 0 0 0 0 2 2 3 1 
376 0 3 4 1 2 1 4 2 0 0 
377 0 4 0 0 0 3 0 2 4 0 
378 2 4 3 1 4 0 2 2 1 1 
379 3 2 0 0 0 0 0 0 3 5 
380 0 0 0 4 4 0 0 0 4 0 
381 0 2 0 4 0 5 0 4 1 4 
382 0 3 0 0 4 0 1 2 1 0 
383 3 5 2 1 0 4 0 0 4 4 
384 0 4 0 0 0 0 0 1 3 0 
385 3 4 4 0 4 2 2 5 0 0 
386 0 0 1 4 5 3 1 0 0 5 
387 1 0 1 5 0 5 0 4 3 0 
388 3 0 5 0 2 3 3 0 3 1 
389 1 0 0 4 0 0 1 0 5 0 
390 0 3 0 0 0 0 1 1 1 5 
391 0 3 3 0 0 4 2 0 3 0 
392 1 2 4 2 0 3 0 0 0 0 
393 3 1 5 1 3 0 0 5 0 0 
394 0 3 0 4 5 0 0 0 0 0 
395 5 5 0 2 0 3 0 3 0 0 
396 3 1 0 2 0 1 0 0 0 0 
397 0 2 0 2 0 0 5 0 0 1 
398 3 4 4 2 5 0 0 0 0 2 
399 2 1 0 4 2 5 1 2 1 3 
400 0 0 0 2 0 2 0 5 0 0 
401 2 0 1 1 5 0 0 2 0 0 
402 0 0 1 2 2 1 0 0 0 3 
403 0 0 3 1 0 0 0 5 5 5 
404 5 2 1 4 0 2 1 3 0 3 
405 0 0 0 2 0 5 0 0 0 0 
406 1 0 5 0 1 3 0 0 3 2 
407 2 1 0 0 1 0 0 0 0 4 
408 5 1 5 0 0 4 0 1 1 0 
409 2 0 5 0 1 0 3 4 5 4 
410 1 5 2 5 0 1 1 0 1 1 
411 2 0 1 0 3 4 3 0 3 0 
412 0 1 1 1 2 1 0 4 0 0 
413 2 4 5 5 0 0 4 5 0 4 
414 3 0 0 4 0 0 0 5 5 5 
415 4 1 1 5 0 0 3 3 1 4 
416 0 0 0 4 1 0 0 0 0 1 
417 0 2 0 0 4 1 5 0 3 2 
418 0 2 2 0 3 0 0 0 3 5 
419 3 4 4 0 2 1 4 5 0 2 
420 4 0 0 1 0 1 0 2 5 5 
421 0 5 4 5 0 5 0 4 2 0 
422 4 0 3 0 2 0 0 0 1 0 
423 4 0 0 0 0 0 1 0 2 5 
424 0 3 0 5 5 0 0 4 3 0 
425 1 0 3 1 0 0 0 0 0 3 
426 0 0 2 2 0 1 1 1 0 5 
427 3 2 3 0 3 0 2 3 0 0 
428 1 5 0 2 0 5 2 3 2 0 
429 0 5 3 1 0 1 0 0 4 3 
430 2 3 0 5 5 2 2 2 4 4 
431 1 4 1 0 3 1 0 0 5 3 
432 5 0 0 4 0 3 5 2 1 0 
433 3 3 5 0 0 2 5 2 0 2 
434 1 1 2 3 0 0 0 3 4 5 
435 0 3 2 0 0 2 0 3 5 0 
436 4 2 5 3 2 0 0 0 4 3 
437 0 3 1 0 0 0 4 5 1 0 
438 3 0 5 4 5 5 1 4 2 0 
439 0 2 2 4 3 2 0 0 1 0 
440 3 5 2 0 5 0 0 1 0 4 
441 0 3 1 0 5 0 0 4 4 0 
442 0 0 0 5 0 1 2 2 5 5 
443 0 0 0 4 0 2 1 0 3 5 
444 3 1 0 0 4 1 0 5 0 4 
445 0 0 5 4 1 0 4 0 0 0 
446 0 5 5 0 2 0 0 4 2 4 
447 0 3 0 3 0 0 4 5 4 2 
448 1 0 0 0 0 0 4 1 2 3 
449 0 4 5 1 0 0 0 5 0 0 
450 0 0 0 0 0 5 5 4 3 1 
451 0 3 2 3 1 4 2 4 0 0 
452 5 0 0 0 2 1 0 0 3 2 
453 0 0 0 5 1 4 3 4 0 4 
454 2 5 5 1 0 0 0 5 0 3 
455 1 0 2 4 0 1 1 0 0 1 
456 5 1 4 0 3 0 0 0 3 1 
457 3 2 0 0 0 3 0 1 2 1 
458 0 1 1 0 3 4 5 2 1 0 
459 2 0 5 2 3 2 5 0 0 3 
460 5 3 5 3 0 0 0 1 1 4 
461 0 3 0 1 0 0 0 3 0 0 
462 0 5 0 5 5 0 3 5 0 2 
463 3 0 0 0 5 2 0 1 2 0 
464 3 4 0 5 3 0 2 2 0 2 
465 4 3 1 4 4 5 0 2 5 5 
466 0 5 0 1 0 1 0 2 1 0 
467 0 1 0 3 0 3 5 0 5 1 
468 4 0 3 0 4 5 4 0 4 0 
469 5 5 3 4 4 0 0 1 2 0 
470 0 3 2 0 0 0 2 0 1 0 
471 4 5 1 3 0 3 3 5 0 4 
472 2 1 0 2 0 5 0 0 1 3 
473 0 0 0 0 2 1 0 1 0 5 
474 3 4 0 0 2 2 0 2 2 0 
475 0 0 0 0 5 4 0 1 2 5 
476 2 0 5 3 5 4 4 4 0 0 
477 4 2 0 0 0 0 0 0 2 0 
478 0 0 5 0 2 3 0 5 1 3 
479 0 4 0 5 1 2 1 0 0 5 
480 3 1 5 5 2 0 2 0 2 0 
481 5 2 0 0 2 3 5 0 1 4 
482 0 1 0 0 2 0 3 1 0 3 
483 5 0 1 5 0 1 0 0 4 3 
484 0 0 0 3 0 4 5 5 0 0 
485 3 0 1 4 2 5 5 5 4 4 
486 0 0 5 2 3 0 4 0 0 4 
487 5 2 0 1 0 1 0 4 3 0 
488 0 0 0 0 2 4 4 0 0 4 
489 0 0 1 0 3 1 0 2 4 3 
490 0 1 5 0 0 5 3 0 0 2 
491 2 0 0 1 0 5 0 0 0 2 
492 3 2 3 0 4 0 5 5 0 0 
493 1 2 0 0 0 0 2 1 0 0 
494 0 4 4 2 4 0 5 3 1 5 
495 0 3 5 5 0 0 1 0 5 3 
496 5 2 0 0 0 0 5 1 0 0 
497 5 5 4 0 0 1 1 0 3 4 
498 3 4 2 0 3 0 3 2 5 0 
499 2 0 0 3 4 0 3 1 1 0 
500 3 0 0 2 2 2 4 5 5 0 
501 0 2 3 2 5 3 4 0 1 3 
502 1 1 0 5 3 0 2 0 0 4 
503 0 4 0 2 0 0 4 0 0 2 
504 2 0 0 4 3 2 2 5 4 0 
505 0 4 3 0 0 3 5 1 1 2 
506 1 2 0 5 1 4 2 0 3 2 
507 4 0 0 1 3 0 0 0 1 0 
508 0 5 5 1 0 5 3 3 0 0 
509 1 4 0 0 5 0 1 0 1 5 
510 3 0 0 1 3 4 4 0 4 0 
511 5 4 3 5 1 3 5 0 2 4 
512 3 1 0 3 4 5 1 1 0 4 
513 0 4 2 2 2 0 0 3 0 0 
514 4 1 1 5 0 4 0 3 0 0 
515 0 0 4 2 2 0 5 5 0 0 
516 0 2 0 3 2 0 2 0 1 0 
517 1 4 0 0 2 0 0 1 1 2 
518 0 0 0 5 2 2 0 4 2 5 
519 2 0 0 3 0 0 0 0 5 0 
520 0 0 5 0 4 0 0 4 1 2 
521 0 5 0 0 0 1 0 1 4 0 
522 0 4 5 0 0 5 0 0 1 1 
523 1 4 2 1 0 3 2 0 5 3 
524 5 0 1 4 4 0 2 0 0 2 
525 3 3 0 1 0 1 0 5 0 0 
526 5 2 3 4 0 4 0 2 0 0 
527 1 5 3 4 0 0 5 0 0 2 
528 1 3 3 5 3 3 5 0 4 2 
529 2 1 0 4 3 4 0 0 2 4 
530 2 5 0 0 0 4 2 2 4 5 
531 3 2 1 2 2 3 5 4 4 1 
532 0 0 0 0 5 0 2 5 0 1 
533 4 3 1 0 0 1 0 1 0 0 
534 5 4 4 0 0 0 1 3 5 0 
535 4 0 4 3 0 0 2 0 5 5 
536 0 4 3 0 2 5 0 5 0 0 
537 0 0 0 0 1 4 0 0 1 0 
538 0 2 4 0 1 2 5 2 0 0 
539 0 4 0 5 0 0 4 5 2 0 
540 0 5 3 4 0 5 5 4 5 3 
541 4 1 4 0 0 4 4 2 1 1 
542 1 4 4 2 5 0 0 4 0 0 
543 3 0 5 5 1 0 0 4 5 0 
544 2 0 1 0 2 1 0 4 1 2 
545 0 0 0 2 0 0 3 2 0 5 
546 1 3 1 5 1 3 4 5 3 0 
547 4 3 1 0 1 2 5 5 1 3 
548 2 1 0 0 0 0 0 5 0 3 
549 0 3 3 0 0 0 2 0 0 0 
550 0 5 2 0 3 5 4 1 4 4 
551 0 0 1 0 2 1 5 5 0 0 
552 1 3 1 0 0 0 0 0 0 3 
553 3 3 0 4 5 0 1 1 1 3 
554 2 0 0 0 5 4 0 0 1 5 
555 5 5 5 5 0 0 1 5 0 5 
556 1 3 0 1 4 0 0 5 5 2 
557 4 0 0 4 3 0 0 5 0 2 
558 4 0 3 0 0 0 0 0 0 2 
559 5 0 4 0 0 1 1 2 0 4 
560 3 5 0 2 2 2 5 0 5 0 
561 0 3 0 1 0 0 0 0 1 0 
562 5 0 0 0 5 3 0 3 0 5 
563 0 0 0 1 0 4 2 1 0 0 
564 0 5 0 0 0 0 4 2 0 5 
565 2 0 1 0 1 2 1 1 0 0 
566 0 2 0 4 5 5 5 4 0 5 
567 5 5 0 1 3 1 0 0 3 0 
568 0 5 0 0 2 0 4 1 0 0 
569 2 4 0 2 3 0 0 0 0 0 
570 5 0 0 2 0 0 0 5 0 0 
571 0 3 0 0 4 2 0 1 0 2 
572 1 5 3 3 1 2 0 0 3 0 
573 1 0 0 1 3 0 0 0 2 0 
574 5 4 5 3 5 1 0 0 4 3 
575 0 4 4 1 5 1 0 0 2 0 
576 0 4 5 1 5 0 0 3 0 3 
577 0 4 4 2 3 0 0 3 0 0 
578 0 3 0 2 1 4 0 0 4 0 
579 0 5 4 2 3 0 5 2 4 2 
580 0 5 0 5 0 2 0 0 1 5 
581 0 0 3 2 1 1 5 2 5 2 
582 0 0 0 0 5 5 1 1 3 5 
583 0 1 0 0 0 2 3 3 5 5 
584 0 3 0 0 4 4 1 0 0 3 
585 0 0 4 2 3 3 1 1 0 1 
586 0 0 0 0 1 2 2 0 0 4 
587 1 4 3 3 4 0 4 3 0 1 
588 3 4 0 5 0 0 0 0 0 0 
589 4 0 4 0 2 4 0 0 0 4 
590 0 0 2 0 0 1 5 0 0 0 
591 5 4 2 0 4 2 2 0 1 0 
592 3 0 0 0 3 0 0 3 1 2 
593 0 4 0 3 0 0 2 0 0 0 
594 5 1 0 2 5 0 5 2 0 2 
595 2 0 5 0 0 0 0 0 0 5 
596 5 3 2 0 0 0 4 0 0 0 
597 4 0 0 0 1 1 4 0 0 0 
598 0 5 0 1 5 1 0 5 3 0 
599 0 1 4 2 0 3 0 0 2 0 
600 0 0 3 5 3 5 5 0 0 0 
601 5 0 1 0 5 4 0 3 2 4 
602 3 3 0 0 0 4 1 4 5 1 
603 0 0 0 5 0 4 0 1 3 0 
604 0 4 1 0 0 2 4 0 4 2 
605 3 4 3 0 1 0 0 3 2 5 
606 1 1 0 0 3 0 1 0 1 5 
607 0 0 5 4 1 0 3 3 4 1 
608 0 0 1 0 5 0 0 0 4 0 
609 4 0 4 0 0 0 3 3 3 0 
610 0 0 5 0 0 4 5 2 0 4 
611 0 2 2 0 1 0 1 4 1 0 
612 3 2 0 2 1 5 0 1 0 1 
613 5 3 0 5 4 3 1 4 3 1 
614 1 2 3 0 3 3 5 5 4 1 
615 0 0 5 2 4 0 0 3 2 5 
616 1 0 0 0 5 1 0 4 0 1 
617 0 0 5 0 0 5 5 1 2 2 
618 2 4 5 0 0 1 2 2 1 2 
619 0 3 0 0 0 0 1 3 4 0 
620 0 0 4 0 4 3 0 3 0 0 
621 0 3 0 0 0 0 0 0 5 0 
622 3 5 5 1 3 0 0 0 4 5 
623 0 2 0 0 4 0 0 3 0 2 
624 0 3 3 0 4 0 4 4 5 0 
625 0 0 3 0 0 2 3 0 0 1 
626 2 4 0 4 3 0 0 5 2 2 
627 2 3 4 0 0 0 2 0 0 4 
628 4 1 0 0 2 1 5 0 5 0 
629 3 0 0 0 0 0 5 0 0 1 
630 0 1 0 0 3 0 0 0 5 0 
631 1 3 5 5 0 1 3 0 0 0 
632 0 3 0 2 5 1 4 0 1 2 
633 4 5 2 0 2 3 0 0 5 3 
634 2 4 1 5 2 5 5 0 0 1 
635 3 2 2 4 0 4 4 0 0 0 
636 0 2 5 1 3 0 1 1 4 0 
637 5 0 3 5 1 3 5 0 0 0 
638 0 5 0 5 5 0 0 0 0 0 
639 0 3 0 0 1 0 2 0 1 0 
640 3 4 5 5 2 0 5 5 4 0 
641 1 0 2 0 5 0 4 0 0 2 
642 0 5 1 0 2 1 2 1 2 2 
643 2 0 3 0 5 5 5 0 0 2 
644 0 0 3 2 0 2 0 5 2 0 
645 0 0 4 0 0 4 2 0 0 5 
646 3 3 0 2 4 0 0 4 5 0 
647 1 0 5 4 4 0 0 2 2 2 
648 0 0 4 0 2 0 0 1 5 0 
649 3 3 1 2 0 4 5 4 0 0 
650 5 0 3 4 2 2 0 0 1 0 
651 0 0 0 0 3 0 0 4 4 0 
652 2 0 0 0 0 0 1 0 5 3 
653 4 4 3 1 5 3 0 5 3 0 
654 4 0 0 5 0 0 1 0 0 3 
655 4 2 0 4 0 0 3 5 0 5 
656 0 0 1 1 0 2 5 0 0 5 
657 0 0 3 3 2 0 5 0 5 4 
658 2 0 0 1 3 5 0 3 0 3 
659 4 2 1 4 5 0 1 3 4 0 
660 0 4 0 1 5 2 0 3 4 3 
661 0 1 3 5 1 4 2 2 1 4 
662 0 0 3 3 1 4 2 0 0 0 
663 4 2 0 0 2 0 0 0 5 5 
664 2 0 1 0 4 4 0 0 1 2 
665 4 0 1 0 1 4 0 0 3 0 
666 0 2 3 3 0 5 5 1 0 0 
667 0 5 5 3 1 3 2 2 5 3 
668 1 3 5 0 0 0 5 5 4 0 
669 5 0 4 3 0 0 3 1 0 0 
670 3 0 2 0 0 0 1 0 3 4 
671 4 0 3 4 4 0 1 0 2 1 
672 3 3 0 0 2 3 1 0 0 2 
673 2 4 0 0 0 1 2 0 5 0 
674 0 0 2 0 0 0 4 0 0 4 
675 0 0 0 5 4 0 0 3 2 4 
676 4 2 3 5 2 4 5 3 0 1 
677 1 1 1 3 4 3 3 0 0 2 
678 3 0 1 0 0 3 4 0 0 5 
679 3 5 1 4 5 5 2 0 2 4 
680 0 0 0 5 1 2 3 4 0 0 
681 0 4 0 1 0 4 0 0 5 0 
682 5 2 0 0 0 3 4 0 3 0 
683 0 0 0 1 4 0 4 0 1 3 
684 3 3 2 2 2 0 0 0 1 0 
685 1 3 2 4 0 0 4 0 0 3 
686 0 0 0 1 5 5 3 0 5 2 
687 0 0 5 0 1 0 5 0 4 0 
688 3 0 2 2 5 2 3 0 0 1 
689 0 3 1 5 0 0 3 0 0 1 
690 4 1 0 5 0 3 0 0 5 0 
691 1 0 0 3 2 3 0 4 3 0 
692 5 1 1 0 0 3 5 2 0 5 
693 1 0 5 1 4 2 0 1 3 1 
694 4 0 1 2 4 1 2 3 0 3 
695 0 5 1 0 5 5 3 0 5 0 
696 0 2 5 0 0 0 0 0 1 0 
697 4 2 0 3 0 0 2 3 3 5 
698 0 0 4 3 4 0 4 0 2 4 
699 0 0 0 0 3 0 3 0 5 0 
700 0 5 5 2 0 0 0 2 5 3 
701 4 0 0 2 1 4 3 0 0 2 
702 3 2 0 1 4 5 1 0 5 0 
703 2 0 3 5 0 0 0 1 0 0 
704 2 2 1 0 0 4 4 0 4 2 
705 3 1 1 4 0 0 2 0 0 4 
706 2 2 0 0 0 0 4 0 4 0 
707 1 0 1 0 0 2 5 0 0 0 
708 0 4 4 2 4 4 3 0 0 2 
709 0 0 2 3 1 1 0 0 2 3 
710 0 0 0 1 0 5 2 2 3 2 
711 4 3 0 3 2 5 4 0 5 3 
712 0 1 2 0 0 0 0 2 2 0 
713 0 4 1 0 1 0 0 0 4 4 
714 0 3 0 1 4 2 2 3 0 0 
715 2 3 3 5 0 3 5 2 2 0 
716 0 3 0 3 0 0 1 2 0 3 
717 0 0 0 0 3 3 4 4 0 1 
718 0 0 0 0 1 5 4 0 4 0 
719 5 0 2 0 2 3 0 1 4 0 
720 0 0 4 0 3 4 1 2 5 0 
721 3 4 0 0 1 5 0 2 2 0 
722 2 3 0 0 2 1 2 0 0 0 
723 0 1 1 0 3 2 3 0 3 2 
724 2 1 2 4 0 3 2 0 5 0 
725 2 1 0 3 1 5 0 0 0 3 
726 0 0 0 0 5 2 2 4 0 2 
727 2 0 4 5 0 0 0 2 0 1 
728 0 2 2 2 0 4 0 0 5 1 
729 2 4 3 0 2 3 2 0 0 5 
730 0 1 3 3 0 1 0 1 0 5 
731 0 0 0 3 0 3 2 4 4 0 
732 0 5 5 2 3 2 0 4 0 3 
733 2 5 0 4 3 0 0 2 4 1 
734 0 5 0 0 3 5 1 3 4 0 
735 0 2 4 5 0 0 4 1 1 0 
736 0 0 0 0 0 0 4 3 0 1 
737 0 0 2 4 0 3 4 2 0 0 
738 0 1 5 0 2 0 5 3 0 5 
739 1 0 1 2 3 5 2 1 0 3 
740 3 5 0 0 0 3 3 0 0 2 
741 0 1 1 0 0 0 1 4 5 0 
742 0 5 0 0 3 1 4 4 1 0 
743 0 0 4 0 3 2 4 1 3 0 
744 0 0 4 0 5 0 2 1 4 3 
745 0 0 4 0 5 4 2 5 0 0 
746 4 5 1 0 0 4 2 3 0 0 
747 2 2 0 5 5 4 3 0 0 1 
748 3 3 0 4 0 0 0 5 0 2 
749 0 0 2 4 1 4 5 3 3 1 
750 0 0 0 4 0 0 0 4 3 0 
751 2 0 0 2 2 0 4 3 4 0 
752 5 1 0 0 0 2 4 4 0 1 
753 3 2 0 2 0 1 0 4 4 0 
754 0 0 5 3 4 0 0 0 0 0 
755 3 3 4 5 0 4 0 1 0 0 
756 0 0 3 0 5 0 4 5 4 0 
757 0 1 0 2 5 0 0 4 2 1 
758 5 2 0 0 0 0 0 0 4 1 
759 2 0 4 1 0 3 0 3 4 5 
760 2 1 0 0 0 4 4 2 1 3 
761 2 0 4 0 2 0 3 0 4 4 
762 2 1 1 5 1 0 0 0 1 1 
763 0 0 0 2 3 3 0 2 0 2 
764 1 0 0 0 0 5 4 0 1 0 
765 0 2 2 0 0 4 1 0 0 3 
766 4 1 4 4 3 1 0 0 0 1 
767 0 3 0 2 0 0 5 1 4 5 
768 2 4 4 4 3 2 0 0 0 1 
769 1 1 0 0 5 0 0 0 1 3 
770 0 2 0 0 0 5 2 1 0 0 
771 0 5 0 0 4 0 1 1 1 0 
772 0 0 0 2 4 5 0 0 0 2 
773 4 0 5 1 0 0 0 0 3 2 
774 1 5 0 0 0 0 3 5 3 4 
775 0 0 0 1 0 3 0 1 1 2 
776 0 0 1 4 1 2 5 4 2 0 
777 0 1 1 4 0 0 0 2 2 5 
778 0 4 0 3 0 1 0 3 4 0 
779 4 0 1 1 3 0 3 4 0 4 
780 0 3 4 2 0 0 2 2 0 0 
781 4 0 0 0 3 5 0 3 3 0 
782 2 2 0 4 0 2 5 0 4 0 
783 0 0 0 0 4 4 2 0 5 2 
784 0 2 0 1 2 0 1 4 0 1 
785 0 4 4 3 1 0 0 0 0 3 
786 0 0 2 2 0 4 1 0 4 3 
787 1 5 0 0 2 5 0 2 4 4 
788 3 0 0 1 0 0 4 4 0 0 
789 0 4 0 4 5 1 4 0 0 0 
790 0 1 1 0 2 1 3 0 2 4 
791 3 5 5 0 3 4 0 0 0 1 
792 0 5 3 3 1 0 5 0 5 5 
793 5 3 4 0 2 0 5 0 1 2 
794 2 2 5 3 3 0 0 0 0 1 
795 3 2 0 0 0 1 0 0 4 5 
796 0 1 5 5 2 5 3 2 0 3 
797 1 5 4 5 4 2 0 0 0 2 
798 0 0 0 2 4 0 4 5 0 3 
799 1 0 0 3 5 0 4 4 2 5 
800 1 2 0 0 0 5 3 0 0 4 
801 20 0 0 0 0 0 0 0 0 0 
802 0 20 0 0 0 0 0 0 0 0 
803 0 0 20 0 0 0 0 0 0 0 
804 0 0 0 20 0 0 0 0 0 0 
805 0 0 0 0 20 0 0 0 0 0 
806 0 0 0 0 0 20 0 0 0 0 
807 0 0 0 0 0 0 20 0 0 0 
808 0 0 0 0 0 0 0 20 0 0 
809 0 0 0 0 0 0 0 0 20 0 
810 0 0 0 0 0 0 0 0 0 20 
MDEPOT_SECTION
801 802 803 804 805 806 807 808 809 810 
EOF
