TYPE: HDVRPSV
DEMAND_DIMENSION: 10
DIMENSION: 810
DEPOT_NUMBERS: 10
EDGE_WEIGHT_TYPE: EUC_2D
MCAPACITY: 
1 20 20 20 20 20 20 20 20 20 20 
NODE_COORD_SECTION
1 57.92 189.89
2 227.07 687.12
3 848.9 460.28
4 270.61 154.44
5 804.08 711.87
6 437.63 729.14
7 408.53 304.76
8 972.53 19.15
9 284.53 81.59
10 863.74 676.09
11 515.6 908.14
12 441.93 60.36
13 592.79 999.86
14 818.21 423.31
15 445.37 279.5
16 979.94 569.16
17 446.08 655.08
18 61.97 912.17
19 909.23 296.2
20 242.25 73.03
21 870.76 935.23
22 713.66 694.97
23 617.27 40.15
24 933.22 69.44
25 817.87 906.72
26 233.26 357.76
27 812.29 614.07
28 464.51 286.87
29 668.75 857.03
30 382.78 480.93
31 818.02 440.19
32 313.52 44.69
33 846.99 680.42
34 446.59 420.15
35 877.08 78.96
36 191.58 149.35
37 373.68 625.87
38 862.78 603.0
39 404.23 809.1
40 834.39 4.03
41 143.09 126.6
42 763.97 322.05
43 180.54 636.66
44 696.1 894.04
45 575.76 920.86
46 564.75 92.4
47 797.69 828.46
48 352.58 659.28
49 610.16 394.76
50 992.19 651.84
51 714.3 301.7
52 627.05 920.18
53 230.3 497.11
54 178.44 693.57
55 936.12 209.34
56 742.77 317.99
57 188.92 73.93
58 187.78 992.83
59 665.44 765.49
60 461.63 882.29
61 452.87 553.13
62 113.39 870.16
63 321.66 634.54
64 949.59 540.05
65 928.65 991.07
66 933.35 584.12
67 153.38 647.81
68 378.83 152.0
69 766.48 144.25
70 693.38 148.26
71 729.06 322.71
72 47.91 15.35
73 174.31 679.45
74 120.91 581.92
75 701.52 686.61
76 648.87 448.72
77 589.93 842.27
78 814.69 154.76
79 544.68 260.95
80 327.97 814.78
81 348.24 936.75
82 199.78 916.85
83 308.69 860.46
84 927.64 322.55
85 676.87 600.37
86 77.39 809.53
87 29.91 877.64
88 443.74 540.21
89 596.91 478.23
90 558.61 399.23
91 276.7 350.59
92 651.94 15.85
93 193.8 497.36
94 542.6 213.51
95 470.04 72.36
96 334.11 797.5
97 753.95 777.31
98 371.7 143.21
99 176.75 128.5
100 649.48 89.51
101 818.62 644.93
102 32.82 530.06
103 84.59 817.65
104 342.65 599.81
105 513.06 747.61
106 689.58 633.01
107 736.01 928.57
108 341.26 44.65
109 573.74 177.35
110 719.64 565.75
111 604.16 981.7
112 590.52 942.46
113 582.14 991.22
114 783.26 52.38
115 712.93 831.56
116 573.92 886.44
117 745.11 201.16
118 475.17 695.64
119 228.67 557.59
120 429.73 802.88
121 681.9 646.1
122 862.31 280.31
123 869.02 547.28
124 962.92 750.36
125 949.73 376.16
126 270.32 610.79
127 642.8 492.38
128 106.11 805.72
129 783.88 291.18
130 393.1 414.97
131 464.76 768.46
132 865.89 247.38
133 956.5 886.03
134 995.65 958.13
135 831.79 881.23
136 562.85 698.16
137 599.51 727.58
138 519.44 619.31
139 430.82 449.72
140 277.75 131.05
141 486.02 991.68
142 188.63 310.62
143 872.05 138.04
144 537.82 140.82
145 421.4 123.34
146 272.05 998.4
147 923.62 536.26
148 801.07 635.94
149 598.43 812.44
150 770.26 397.62
151 384.36 260.87
152 568.77 843.72
153 549.73 999.71
154 897.51 616.2
155 411.13 303.89
156 540.62 103.89
157 417.43 114.6
158 425.09 40.12
159 328.82 387.12
160 315.03 5.88
161 476.4 676.04
162 395.12 282.53
163 174.76 635.57
164 341.87 937.97
165 344.98 262.8
166 100.16 506.92
167 626.01 784.02
168 755.36 360.94
169 588.92 458.62
170 451.6 201.7
171 379.41 96.01
172 145.73 670.37
173 932.36 8.48
174 181.96 576.03
175 660.77 181.41
176 359.26 706.25
177 352.76 668.2
178 983.61 672.14
179 908.74 386.34
180 449.63 876.22
181 669.61 151.86
182 867.64 396.26
183 206.34 596.26
184 185.81 586.84
185 241.23 437.07
186 744.0 543.82
187 421.18 884.91
188 241.5 631.55
189 576.97 124.88
190 122.61 548.14
191 952.08 352.31
192 508.42 143.37
193 165.97 944.35
194 170.3 178.42
195 647.4 921.26
196 332.93 265.56
197 654.08 412.75
198 783.68 682.11
199 321.29 917.84
200 448.83 286.04
201 535.63 480.3
202 235.75 933.01
203 979.49 206.32
204 539.86 328.58
205 664.02 771.91
206 464.59 738.97
207 288.86 534.12
208 485.67 347.13
209 106.51 397.02
210 569.46 961.21
211 967.88 444.38
212 281.8 329.3
213 52.52 133.63
214 569.06 96.5
215 792.19 222.06
216 415.15 393.69
217 935.07 691.68
218 659.52 505.69
219 853.22 113.25
220 205.86 962.52
221 870.21 640.71
222 404.4 338.75
223 293.36 912.58
224 804.01 170.21
225 690.83 34.65
226 919.9 191.06
227 808.83 686.51
228 814.61 349.69
229 974.92 971.75
230 280.68 10.2
231 459.79 785.16
232 211.29 749.84
233 928.51 932.09
234 716.59 308.0
235 555.47 577.35
236 412.63 937.0
237 107.9 757.93
238 362.21 873.46
239 17.84 858.1
240 449.6 749.81
241 539.96 989.2
242 328.35 204.59
243 63.84 215.27
244 568.54 826.91
245 680.99 87.84
246 669.38 448.37
247 517.83 105.88
248 724.11 781.05
249 292.91 396.31
250 486.58 638.94
251 13.42 92.65
252 432.12 373.41
253 461.68 863.93
254 7.89 860.64
255 837.57 275.96
256 604.25 63.62
257 491.8 122.73
258 339.61 322.7
259 491.35 335.55
260 177.57 920.55
261 194.71 624.91
262 883.44 820.19
263 449.61 141.93
264 128.25 214.57
265 627.52 992.7
266 457.9 683.25
267 60.59 244.42
268 607.26 137.23
269 861.09 452.19
270 79.68 105.23
271 965.04 38.15
272 152.16 501.16
273 184.42 544.5
274 490.58 766.51
275 600.99 487.9
276 360.65 200.96
277 957.19 159.48
278 903.04 850.13
279 119.34 714.73
280 402.78 486.69
281 840.21 595.57
282 729.62 282.38
283 13.86 722.56
284 402.35 789.13
285 72.75 131.78
286 836.73 250.13
287 920.3 112.01
288 430.91 323.74
289 228.76 469.27
290 374.08 72.7
291 469.39 340.09
292 137.82 112.27
293 183.13 865.61
294 421.55 467.44
295 836.88 837.91
296 827.72 781.5
297 887.94 688.96
298 514.32 529.42
299 890.5 560.64
300 593.89 724.94
301 432.18 559.28
302 512.77 883.81
303 600.41 8.98
304 12.11 539.63
305 762.02 974.65
306 259.71 497.19
307 257.37 238.16
308 952.59 269.8
309 342.35 208.12
310 201.61 112.41
311 904.39 672.87
312 646.9 247.94
313 768.82 302.85
314 795.91 133.8
315 352.21 987.13
316 21.96 903.5
317 625.71 96.71
318 992.06 2.29
319 745.73 193.73
320 17.56 272.48
321 908.63 746.04
322 278.69 298.52
323 759.67 743.2
324 452.02 535.92
325 750.94 783.87
326 857.64 769.5
327 348.65 533.39
328 787.4 935.01
329 479.19 932.79
330 884.53 879.89
331 989.93 752.87
332 801.34 63.85
333 203.52 44.7
334 424.4 846.78
335 120.51 431.36
336 423.97 246.91
337 139.98 366.77
338 745.03 534.34
339 965.39 932.26
340 804.02 521.05
341 809.55 902.74
342 266.62 917.74
343 829.67 365.86
344 826.46 757.76
345 439.53 485.62
346 28.6 157.78
347 137.32 953.71
348 183.12 769.14
349 77.59 355.06
350 989.17 102.7
351 647.1 942.95
352 600.95 615.68
353 539.5 242.78
354 398.01 737.04
355 240.78 391.96
356 444.65 336.87
357 630.09 620.08
358 836.19 709.99
359 43.61 905.49
360 691.16 28.09
361 347.75 966.63
362 293.73 483.05
363 810.26 855.64
364 772.97 234.98
365 314.97 981.59
366 825.15 588.5
367 637.4 576.15
368 978.84 548.41
369 703.78 173.49
370 191.34 296.31
371 404.65 795.18
372 458.18 880.98
373 382.96 382.95
374 271.34 563.39
375 619.16 52.28
376 502.33 875.02
377 439.95 873.48
378 569.54 806.84
379 646.2 36.01
380 586.61 893.98
381 30.19 93.66
382 76.64 127.75
383 727.53 163.99
384 941.55 147.72
385 610.32 508.16
386 627.54 572.23
387 882.82 54.85
388 876.96 784.57
389 201.6 918.26
390 550.77 145.67
391 663.45 73.32
392 826.42 864.95
393 610.63 560.46
394 295.51 461.21
395 354.32 651.56
396 198.22 803.37
397 495.57 715.37
398 393.86 899.28
399 806.63 312.47
400 932.96 724.07
401 427.24 727.24
402 226.2 973.54
403 152.34 764.84
404 429.7 13.9
405 304.63 394.54
406 198.13 965.4
407 794.89 100.3
408 976.45 133.7
409 220.65 246.99
410 956.02 462.85
411 884.91 674.96
412 554.18 524.85
413 840.02 702.62
414 774.14 744.79
415 108.45 714.58
416 881.46 518.12
417 363.48 437.5
418 667.89 916.34
419 287.08 497.27
420 470.22 989.02
421 624.53 805.62
422 341.24 962.08
423 644.52 248.2
424 849.47 752.07
425 474.88 899.27
426 462.11 128.61
427 205.33 161.36
428 752.8 798.68
429 39.26 91.43
430 93.2 229.51
431 658.74 58.3
432 795.45 536.95
433 401.05 456.53
434 898.07 648.54
435 513.33 269.05
436 229.24 847.45
437 648.19 228.63
438 912.99 284.52
439 252.47 433.34
440 27.81 577.98
441 469.45 439.94
442 707.42 265.73
443 985.86 135.23
444 234.57 752.58
445 460.09 314.56
446 151.58 965.77
447 388.94 960.21
448 900.08 483.39
449 737.58 272.41
450 169.21 430.08
451 230.87 948.89
452 539.81 118.25
453 810.53 799.48
454 833.63 578.78
455 599.39 591.0
456 117.71 450.54
457 239.77 985.4
458 980.77 593.54
459 293.76 327.42
460 981.81 29.36
461 552.53 514.56
462 106.6 676.62
463 97.85 469.2
464 922.86 811.34
465 179.29 188.45
466 535.61 733.13
467 883.22 731.35
468 906.83 622.88
469 618.78 485.67
470 724.27 118.01
471 745.14 358.41
472 562.37 970.57
473 661.24 922.18
474 383.23 835.98
475 811.85 449.34
476 564.56 639.95
477 933.65 785.93
478 701.92 762.14
479 389.63 974.7
480 484.69 671.16
481 994.55 670.04
482 710.56 166.52
483 12.63 380.52
484 827.03 5.08
485 336.94 917.54
486 238.61 271.34
487 140.01 996.59
488 938.0 409.71
489 941.09 877.05
490 172.6 764.05
491 137.6 823.08
492 430.09 95.92
493 561.07 893.21
494 398.06 965.89
495 477.2 161.95
496 109.92 765.5
497 218.93 710.25
498 727.05 526.68
499 519.13 614.31
500 845.17 999.0
501 529.05 88.04
502 773.18 382.01
503 741.09 974.03
504 140.97 526.29
505 171.12 522.96
506 745.95 405.13
507 501.39 228.63
508 355.08 272.28
509 564.44 901.85
510 208.62 506.96
511 414.66 706.62
512 539.71 330.62
513 19.93 369.76
514 160.16 714.16
515 736.73 117.37
516 886.91 565.5
517 983.26 84.16
518 838.31 646.03
519 122.34 662.91
520 385.33 846.16
521 325.76 515.64
522 488.21 319.78
523 68.83 31.83
524 385.03 62.4
525 257.91 698.32
526 799.02 163.55
527 977.04 120.67
528 25.02 190.97
529 621.16 597.82
530 410.05 221.22
531 205.77 567.72
532 704.43 216.32
533 444.45 961.62
534 932.54 85.32
535 70.29 733.64
536 121.65 134.5
537 345.3 17.08
538 187.03 426.11
539 78.18 607.24
540 673.23 270.12
541 616.56 343.85
542 383.8 316.13
543 965.98 62.36
544 27.49 738.59
545 863.61 935.95
546 264.29 913.93
547 297.55 569.75
548 576.0 962.96
549 890.37 482.05
550 868.97 721.6
551 800.93 26.36
552 345.27 978.0
553 303.98 656.02
554 792.26 204.9
555 269.68 979.06
556 897.46 81.67
557 634.11 52.17
558 654.07 140.66
559 716.33 68.25
560 404.23 709.85
561 84.15 736.85
562 681.28 755.06
563 912.61 825.6
564 864.18 242.34
565 63.51 598.53
566 532.43 204.64
567 319.76 847.46
568 776.9 35.21
569 40.81 448.57
570 105.0 327.26
571 568.62 975.33
572 774.53 477.77
573 365.79 410.36
574 729.37 829.53
575 619.48 326.74
576 688.44 806.99
577 699.7 198.91
578 416.6 864.91
579 992.17 949.46
580 829.21 561.56
581 505.18 108.89
582 262.71 952.77
583 567.59 96.46
584 611.17 201.31
585 444.61 982.62
586 266.63 129.66
587 572.2 502.89
588 824.66 320.08
589 389.13 369.68
590 431.78 526.82
591 320.75 586.04
592 395.72 764.95
593 941.23 208.49
594 736.74 558.47
595 80.26 295.49
596 494.26 371.28
597 702.12 634.16
598 171.16 812.9
599 906.36 533.39
600 570.08 921.38
601 609.22 454.81
602 968.78 530.65
603 448.85 113.62
604 676.99 974.38
605 123.56 315.35
606 102.92 15.99
607 988.71 624.02
608 418.92 333.57
609 277.64 271.93
610 398.9 967.31
611 638.95 742.42
612 521.02 653.79
613 403.71 641.81
614 461.42 671.99
615 43.83 94.13
616 941.9 718.48
617 273.84 888.16
618 468.41 911.26
619 315.72 474.19
620 183.75 129.2
621 14.4 103.51
622 849.83 72.27
623 774.46 940.38
624 684.32 786.29
625 344.5 718.07
626 704.36 722.79
627 879.99 86.32
628 98.88 489.79
629 703.5 114.32
630 665.36 22.27
631 870.22 505.21
632 348.58 874.76
633 937.07 876.57
634 344.17 778.92
635 268.93 904.24
636 710.73 286.33
637 219.9 232.03
638 111.72 448.89
639 124.41 465.22
640 794.44 40.18
641 942.57 402.6
642 149.75 920.7
643 152.64 194.56
644 928.25 389.44
645 9.75 305.57
646 467.45 313.49
647 10.12 208.95
648 586.04 306.08
649 237.98 548.73
650 676.06 634.97
651 118.13 102.71
652 91.82 655.85
653 332.4 167.83
654 726.78 460.97
655 824.15 64.64
656 204.82 908.87
657 566.35 555.56
658 993.4 11.68
659 654.69 516.5
660 310.99 882.17
661 715.78 728.38
662 664.42 351.17
663 185.9 453.76
664 449.23 879.28
665 231.33 607.84
666 13.05 997.64
667 506.51 123.12
668 601.09 760.66
669 269.83 754.02
670 198.64 573.05
671 925.85 415.93
672 870.91 81.73
673 955.65 323.02
674 17.65 634.98
675 928.73 570.63
676 426.28 953.04
677 654.92 920.84
678 414.21 49.83
679 955.3 811.99
680 380.57 144.6
681 569.13 717.16
682 973.19 241.38
683 413.19 406.51
684 319.63 640.67
685 896.11 32.69
686 664.28 383.64
687 691.18 769.59
688 862.1 572.7
689 380.5 550.86
690 163.93 167.29
691 842.5 374.53
692 719.55 653.06
693 848.95 428.63
694 202.17 678.54
695 862.24 935.21
696 468.21 888.18
697 871.58 611.08
698 780.88 327.35
699 484.13 725.73
700 649.77 507.36
701 385.98 776.16
702 390.26 544.25
703 430.25 384.56
704 10.65 246.64
705 242.53 651.48
706 87.46 36.66
707 703.65 8.6
708 738.76 572.23
709 585.12 394.2
710 384.28 228.16
711 248.14 111.41
712 777.96 134.94
713 661.92 304.94
714 826.96 13.54
715 288.93 775.97
716 279.19 66.59
717 612.8 536.01
718 239.44 927.76
719 916.66 776.7
720 749.9 750.85
721 785.85 551.01
722 20.99 979.35
723 288.99 588.82
724 364.03 813.46
725 874.9 949.82
726 790.35 142.92
727 999.56 278.35
728 660.85 90.53
729 995.65 112.44
730 188.4 894.47
731 701.35 131.68
732 883.43 324.04
733 518.47 671.89
734 654.48 784.25
735 174.84 931.67
736 395.1 614.43
737 315.44 931.92
738 585.19 683.8
739 424.19 92.12
740 677.47 304.57
741 531.26 550.61
742 706.61 909.63
743 503.71 933.39
744 921.6 935.0
745 633.8 279.22
746 965.35 967.74
747 452.26 868.31
748 20.13 836.98
749 990.19 181.13
750 911.83 570.08
751 836.45 151.56
752 732.35 578.11
753 532.03 597.0
754 832.28 14.41
755 515.37 15.77
756 636.44 930.46
757 775.43 150.43
758 356.73 935.4
759 279.06 458.32
760 30.56 470.69
761 143.87 616.93
762 989.38 897.01
763 919.07 624.96
764 502.58 682.93
765 740.86 809.84
766 579.67 61.24
767 773.1 390.02
768 892.95 146.71
769 321.76 389.59
770 227.12 328.01
771 366.46 3.48
772 746.25 75.47
773 15.46 550.08
774 48.24 219.28
775 88.27 249.62
776 498.11 472.27
777 806.69 932.89
778 849.86 841.65
779 896.25 491.57
780 337.68 99.98
781 25.97 32.59
782 133.28 793.3
783 409.0 780.58
784 898.98 443.09
785 170.91 810.19
786 92.89 429.03
787 561.99 243.14
788 697.74 707.07
789 755.76 756.48
790 942.32 620.24
791 729.67 910.04
792 976.88 234.4
793 574.0 779.17
794 283.39 44.09
795 910.5 446.05
796 779.08 795.41
797 633.13 814.47
798 158.03 544.53
799 951.02 971.0
800 758.42 933.58
801 317.22 377.2
802 162.63 454.03
803 161.76 72.26
804 924.13 621.48
805 258.36 994.74
806 511.64 591.11
807 564.78 440.11
808 337.0 143.9
809 176.53 727.88
810 122.39 628.17
DEMAND_SECTION
1 2 3 0 5 5 0 4 0 3 0 
2 5 0 2 5 5 2 0 0 1 0 
3 0 1 2 0 1 5 0 2 0 2 
4 5 2 5 4 1 3 5 0 0 0 
5 4 2 2 0 3 0 3 0 0 5 
6 3 4 0 1 0 3 3 3 3 0 
7 0 0 0 2 2 0 2 5 2 3 
8 0 0 2 4 0 0 2 0 5 0 
9 4 1 3 0 4 1 0 0 4 3 
10 1 0 1 0 4 2 0 0 4 0 
11 4 2 0 4 2 0 0 3 5 0 
12 4 1 0 4 0 1 0 1 0 3 
13 0 0 0 1 0 0 5 3 0 1 
14 4 0 0 4 0 5 5 4 1 0 
15 1 0 3 5 0 3 0 1 3 0 
16 0 2 3 0 0 0 4 0 1 0 
17 0 0 0 4 0 0 0 2 5 0 
18 1 5 0 0 0 3 5 0 0 0 
19 2 0 5 5 4 0 4 1 1 0 
20 0 2 5 1 0 0 5 2 3 1 
21 2 0 4 3 3 3 0 5 5 0 
22 4 3 0 0 0 0 0 5 0 0 
23 0 5 1 5 4 0 0 3 3 4 
24 3 2 4 3 0 5 4 2 1 1 
25 4 0 1 0 3 0 3 4 5 1 
26 0 0 3 0 4 0 0 0 4 5 
27 0 0 4 2 2 0 3 3 4 2 
28 0 1 0 1 4 5 3 0 0 4 
29 0 0 2 1 0 3 5 0 5 4 
30 5 2 0 0 0 2 0 0 5 0 
31 1 4 2 0 0 0 3 2 2 0 
32 0 4 1 3 4 4 0 0 0 0 
33 1 2 0 1 1 1 5 0 0 0 
34 0 3 0 3 2 0 0 1 2 5 
35 0 0 5 5 0 5 0 4 5 1 
36 3 5 4 0 3 2 5 5 4 2 
37 0 0 0 2 0 0 2 5 4 0 
38 5 1 5 0 2 4 2 0 0 0 
39 4 0 1 0 4 3 5 0 4 2 
40 0 0 3 0 0 0 1 0 0 5 
41 1 0 2 1 5 3 2 5 3 0 
42 5 0 0 5 2 0 1 0 2 4 
43 3 5 0 0 5 0 3 5 3 0 
44 4 3 2 1 0 5 1 0 0 2 
45 0 0 4 5 0 0 0 0 5 4 
46 5 0 0 3 1 3 0 3 0 2 
47 0 4 0 0 4 0 4 1 1 1 
48 4 0 3 1 1 0 0 0 5 0 
49 3 1 3 5 4 0 1 5 0 1 
50 4 5 5 2 2 1 1 3 4 0 
51 1 5 5 2 0 0 5 4 4 4 
52 0 1 5 0 5 3 5 2 0 0 
53 5 5 2 1 1 4 1 2 0 2 
54 0 0 4 2 2 1 0 3 5 2 
55 0 2 0 2 4 4 0 0 1 1 
56 1 3 2 2 3 3 4 2 4 4 
57 2 0 0 0 3 2 0 0 2 0 
58 3 5 5 3 5 0 0 2 4 0 
59 5 0 2 0 5 2 0 5 3 0 
60 3 1 2 0 1 4 1 2 3 5 
61 5 2 2 0 0 3 4 0 0 0 
62 3 1 0 0 0 0 5 0 0 0 
63 0 1 5 2 0 0 0 0 4 3 
64 0 1 3 5 5 0 0 0 0 0 
65 0 5 2 4 5 1 0 0 2 0 
66 0 1 0 0 3 1 1 2 0 5 
67 1 0 0 2 0 0 0 4 3 4 
68 0 0 5 2 0 0 0 0 3 2 
69 5 2 0 5 1 4 4 2 0 0 
70 3 1 0 0 0 5 0 4 3 4 
71 0 3 2 2 0 3 1 0 4 5 
72 0 0 0 0 1 0 4 4 0 1 
73 0 0 2 5 2 5 3 5 5 5 
74 2 5 5 1 0 2 3 3 0 0 
75 5 5 0 4 3 0 0 3 0 3 
76 2 0 3 0 4 0 0 1 4 0 
77 0 1 1 2 4 3 2 3 2 4 
78 0 5 2 0 0 5 0 2 0 0 
79 4 0 0 3 3 3 4 0 2 4 
80 0 0 0 0 4 0 0 2 1 0 
81 0 3 2 4 0 5 1 1 1 3 
82 0 1 0 1 4 0 5 0 4 0 
83 4 0 0 0 0 4 0 2 4 0 
84 4 0 2 2 0 0 0 4 5 5 
85 5 2 3 5 5 0 4 2 0 3 
86 1 0 0 1 0 1 0 2 1 0 
87 0 2 5 3 2 5 0 3 4 0 
88 0 0 0 0 4 4 1 3 3 3 
89 5 3 0 0 0 0 1 2 1 0 
90 4 0 0 2 5 5 0 4 4 0 
91 2 2 4 0 5 4 2 0 0 0 
92 0 5 2 0 5 3 2 1 1 3 
93 2 1 2 1 1 0 4 2 5 2 
94 2 2 0 4 0 0 4 0 5 0 
95 0 0 4 1 0 3 1 0 0 0 
96 0 3 1 4 2 4 3 1 0 1 
97 0 0 0 5 1 0 2 1 0 0 
98 0 0 4 0 0 0 0 0 0 0 
99 0 0 4 5 0 4 0 0 5 0 
100 0 0 0 3 2 3 4 4 1 0 
101 2 4 1 5 0 3 0 2 0 0 
102 2 1 4 0 4 0 2 5 3 0 
103 0 5 1 1 2 0 3 0 2 1 
104 1 0 3 5 2 0 5 5 4 3 
105 1 2 1 0 0 2 0 0 0 3 
106 2 5 4 5 0 0 0 0 1 0 
107 2 4 4 0 2 2 4 5 0 0 
108 4 1 0 0 0 1 2 5 5 0 
109 4 0 3 5 1 1 0 2 0 1 
110 0 5 0 2 5 3 0 0 3 4 
111 3 1 2 0 0 0 5 3 5 4 
112 0 0 0 4 5 5 1 0 1 0 
113 1 1 1 0 4 0 3 2 1 1 
114 0 5 5 5 2 2 5 2 0 3 
115 5 4 0 0 0 0 2 5 2 0 
116 1 4 0 5 4 1 1 2 0 0 
117 4 2 2 0 0 3 0 0 0 4 
118 0 0 5 0 3 0 0 1 0 0 
119 3 3 1 4 0 0 0 5 0 3 
120 0 0 1 1 1 0 1 5 0 0 
121 0 4 2 0 5 4 3 0 2 2 
122 0 0 4 3 0 0 0 1 0 3 
123 4 0 0 0 2 2 0 2 0 0 
124 0 5 2 0 5 0 0 0 5 0 
125 0 2 5 0 1 2 3 3 0 2 
126 3 0 0 0 2 5 0 4 1 3 
127 0 3 5 2 0 4 0 0 3 2 
128 0 0 3 1 1 3 5 1 0 2 
129 3 1 3 0 0 1 0 2 0 0 
130 0 5 3 0 0 0 0 1 2 0 
131 0 1 0 2 5 2 0 1 0 0 
132 3 0 0 0 0 3 2 0 5 4 
133 5 5 5 0 2 5 2 0 2 3 
134 4 0 4 5 0 0 0 3 0 3 
135 1 0 5 2 0 0 0 0 0 3 
136 1 3 3 0 1 1 5 1 0 0 
137 2 4 4 0 3 5 0 0 3 4 
138 1 0 1 4 4 0 0 0 3 5 
139 4 0 2 5 0 3 4 2 0 0 
140 3 4 0 0 2 3 1 2 0 0 
141 0 0 1 2 1 0 5 5 2 5 
142 5 2 2 2 3 2 0 3 5 2 
143 1 3 0 2 4 1 1 3 0 0 
144 0 5 0 0 0 2 4 4 0 4 
145 5 0 5 1 0 4 4 5 0 4 
146 0 3 2 5 5 0 0 0 0 1 
147 0 1 0 2 4 2 2 3 3 1 
148 0 3 0 0 0 0 0 0 1 5 
149 2 4 0 0 1 0 5 0 2 2 
150 3 0 0 4 0 1 1 0 1 4 
151 4 0 5 1 0 0 4 4 2 0 
152 4 0 0 0 0 0 4 3 0 0 
153 3 0 5 3 0 0 4 2 5 4 
154 0 0 0 4 1 1 0 4 0 0 
155 5 1 3 4 1 0 2 2 0 5 
156 4 0 3 0 3 2 3 5 0 4 
157 0 1 4 0 3 3 2 2 0 4 
158 0 0 0 4 5 3 0 0 1 4 
159 0 5 4 5 4 0 5 2 0 3 
160 0 4 0 0 1 4 0 2 5 0 
161 0 4 2 0 3 3 0 0 3 3 
162 1 0 2 0 2 0 4 1 1 0 
163 3 0 0 0 2 2 0 5 0 4 
164 0 1 0 0 1 5 0 0 1 0 
165 2 0 1 4 0 0 3 1 0 4 
166 5 4 0 3 0 2 1 4 4 0 
167 5 3 0 2 3 1 3 0 0 0 
168 0 2 0 0 0 0 0 5 3 3 
169 5 4 3 0 4 5 2 0 5 0 
170 0 3 2 2 5 0 4 0 0 5 
171 1 0 1 2 2 0 1 0 1 0 
172 0 0 0 0 3 0 0 0 0 3 
173 2 2 1 3 3 0 0 0 0 3 
174 0 0 0 0 0 3 0 0 0 0 
175 2 5 0 2 0 3 3 0 2 2 
176 5 2 0 0 0 3 5 0 0 2 
177 5 0 0 0 4 2 0 0 5 0 
178 0 3 4 0 2 0 4 4 4 0 
179 0 5 1 1 2 0 2 1 3 4 
180 0 0 0 4 0 5 0 4 0 0 
181 4 0 2 2 1 0 0 2 1 0 
182 5 1 0 5 0 0 3 0 3 5 
183 5 3 2 1 0 1 0 0 0 5 
184 0 0 0 2 4 0 3 0 2 0 
185 1 0 0 0 5 3 2 0 0 1 
186 0 0 0 0 0 2 5 5 3 3 
187 0 4 3 2 5 3 0 0 0 3 
188 5 0 1 0 0 0 4 0 2 0 
189 0 0 0 5 4 0 4 1 0 0 
190 2 2 1 3 3 2 2 2 1 1 
191 0 1 0 4 3 2 0 1 0 0 
192 5 5 0 0 2 0 2 5 5 1 
193 0 0 0 1 4 3 5 0 4 0 
194 0 3 2 1 0 4 5 1 0 3 
195 3 0 5 0 0 1 1 0 0 0 
196 3 5 0 2 3 5 2 0 4 3 
197 4 5 0 0 2 5 0 0 1 0 
198 0 2 3 3 0 4 4 0 0 3 
199 2 1 2 3 2 4 4 0 0 4 
200 0 0 0 2 1 3 0 0 0 4 
201 0 0 0 0 2 5 2 0 5 1 
202 0 3 0 4 0 0 0 5 1 2 
203 3 4 3 3 5 5 0 2 0 0 
204 4 0 0 0 2 0 0 5 1 4 
205 5 0 2 2 0 4 0 0 1 1 
206 5 0 4 5 3 2 0 4 3 1 
207 5 0 4 1 3 2 0 0 3 1 
208 1 0 5 5 0 0 0 2 2 1 
209 0 2 4 0 0 0 3 5 1 4 
210 3 5 1 0 0 0 3 3 0 0 
211 4 0 0 5 0 0 0 0 4 0 
212 5 0 3 0 3 3 4 3 0 5 
213 1 0 0 5 2 1 2 1 3 1 
214 5 4 2 0 1 5 4 0 4 0 
215 0 5 4 1 2 3 3 3 0 1 
216 0 3 4 0 5 3 0 3 4 0 
217 0 0 0 5 0 5 2 0 0 1 
218 4 1 3 1 5 0 0 0 3 5 
219 0 5 0 4 0 0 0 2 1 5 
220 2 3 0 0 3 2 4 1 3 5 
221 0 0 0 2 0 3 0 4 4 0 
222 2 4 0 0 3 4 0 0 4 0 
223 0 0 0 0 2 0 5 0 0 3 
224 1 0 1 0 1 0 5 1 3 5 
225 4 3 1 2 0 0 0 3 1 2 
226 5 5 3 3 2 2 2 0 0 0 
227 5 5 0 2 0 3 2 3 4 0 
228 1 0 4 3 3 0 0 1 1 3 
229 0 4 1 1 0 0 1 0 4 3 
230 4 0 5 0 4 0 1 5 5 4 
231 3 0 0 2 2 0 1 4 0 3 
232 0 4 4 2 3 0 1 4 0 0 
233 2 5 0 0 3 3 4 5 1 1 
234 0 3 0 4 0 5 5 0 0 0 
235 3 0 0 4 4 2 2 3 0 2 
236 0 5 5 2 0 0 1 1 0 0 
237 1 4 0 0 2 1 0 0 2 3 
238 0 4 1 0 5 0 5 1 4 1 
239 0 0 3 0 4 4 3 5 1 0 
240 0 0 1 4 0 3 3 2 0 5 
241 0 2 4 0 0 5 0 3 3 0 
242 0 4 0 0 0 0 1 4 0 3 
243 3 3 2 0 0 0 0 0 3 5 
244 0 0 3 0 2 3 1 2 5 2 
245 1 0 0 4 3 0 5 1 5 4 
246 5 0 4 2 0 1 4 0 5 0 
247 1 3 4 2 2 4 4 1 0 0 
248 1 0 5 2 5 0 0 1 0 2 
249 5 2 1 5 0 0 0 2 4 0 
250 3 0 1 2 1 5 4 5 0 4 
251 0 0 1 2 4 0 3 5 0 0 
252 0 3 5 1 0 5 2 0 0 1 
253 0 0 4 0 5 2 0 0 1 0 
254 5 0 3 5 0 0 4 3 0 0 
255 3 3 0 0 1 3 0 3 2 0 
256 5 0 0 3 2 0 2 3 2 1 
257 0 4 5 5 0 0 0 0 4 4 
258 5 0 3 5 3 0 0 5 0 3 
259 4 1 0 5 1 0 0 0 5 1 
260 0 1 0 5 4 0 0 3 5 0 
261 5 0 0 0 4 2 2 0 0 3 
262 4 4 0 3 1 4 0 0 1 2 
263 2 4 0 3 0 4 4 1 2 5 
264 0 0 1 3 0 5 0 3 0 0 
265 0 4 0 1 4 3 2 5 1 2 
266 1 2 2 0 1 5 0 4 0 0 
267 0 5 0 0 5 0 0 0 0 0 
268 2 4 2 0 4 0 0 2 3 2 
269 3 4 4 3 5 0 0 5 3 0 
270 0 4 5 0 0 0 0 3 2 0 
271 1 3 1 3 0 0 3 0 0 1 
272 5 5 0 0 2 4 0 2 0 5 
273 0 5 0 3 3 3 3 4 0 0 
274 4 4 0 0 2 2 3 1 0 0 
275 0 0 3 3 4 3 5 4 5 4 
276 3 0 4 3 0 0 0 4 5 3 
277 5 0 3 1 0 3 1 4 0 5 
278 0 5 2 0 0 3 0 5 1 0 
279 0 0 0 5 0 0 5 3 0 0 
280 3 1 0 0 1 0 2 1 0 0 
281 0 0 5 0 2 0 0 4 1 1 
282 4 0 5 2 2 2 0 4 2 3 
283 4 3 1 0 0 0 0 0 0 0 
284 4 1 0 2 0 1 1 0 0 5 
285 3 2 2 0 3 5 5 0 0 0 
286 4 0 5 2 0 0 4 1 0 3 
287 0 1 2 0 5 0 0 0 0 5 
288 0 1 1 0 0 0 4 0 0 0 
289 5 0 3 0 3 2 0 0 0 4 
290 0 2 4 0 0 1 0 4 0 5 
291 0 4 0 0 1 0 0 3 5 2 
292 5 0 4 5 4 0 0 0 0 0 
293 3 1 2 2 2 0 0 3 2 5 
294 1 5 0 3 3 0 5 0 3 0 
295 0 1 2 3 0 0 5 0 0 2 
296 3 0 1 0 0 4 1 3 3 0 
297 3 0 3 1 0 0 4 2 0 2 
298 0 0 0 0 0 3 2 4 3 0 
299 3 0 5 0 2 2 2 1 1 3 
300 0 1 0 0 2 0 2 0 5 3 
301 1 4 1 3 0 5 0 2 3 0 
302 0 0 4 0 5 0 0 5 0 0 
303 1 5 0 0 0 3 0 5 0 3 
304 0 5 2 0 0 0 5 4 2 0 
305 5 0 3 3 4 3 5 1 2 0 
306 0 3 2 0 5 0 0 4 0 1 
307 3 0 5 0 4 5 1 0 2 1 
308 0 0 2 3 4 0 0 3 0 0 
309 0 3 3 3 2 5 0 0 1 0 
310 0 0 4 0 4 5 0 0 1 4 
311 3 0 0 0 0 0 5 1 0 3 
312 5 0 0 0 5 1 3 4 2 0 
313 2 3 0 4 5 4 0 3 0 1 
314 5 5 2 5 3 2 0 5 0 0 
315 1 0 0 5 2 4 0 4 0 3 
316 5 5 0 0 0 2 4 2 3 2 
317 0 0 0 2 2 0 0 0 4 0 
318 0 2 0 2 0 0 3 0 0 0 
319 3 5 0 5 0 1 0 4 2 2 
320 0 3 0 1 0 3 0 1 1 0 
321 0 4 4 3 0 1 3 1 5 3 
322 0 4 5 5 4 3 3 1 5 0 
323 1 0 1 0 0 2 0 3 0 3 
324 2 5 4 3 4 2 2 0 5 5 
325 3 5 4 3 3 3 1 5 2 2 
326 5 5 0 4 0 0 3 5 0 1 
327 4 0 0 1 2 0 0 4 0 0 
328 0 0 0 1 4 0 0 3 2 5 
329 2 0 0 0 0 5 5 0 5 0 
330 0 3 5 0 3 0 2 0 0 0 
331 5 4 4 0 0 0 3 4 3 4 
332 0 0 5 1 0 0 4 1 0 0 
333 1 4 4 5 0 2 0 1 1 4 
334 0 0 0 0 5 0 2 3 0 2 
335 1 3 0 4 1 0 3 0 2 0 
336 0 1 0 5 0 0 5 0 0 1 
337 2 0 1 3 0 5 3 4 2 2 
338 0 2 4 4 0 5 3 0 5 2 
339 0 0 2 5 2 0 0 0 5 1 
340 2 0 0 0 4 0 0 0 5 0 
341 0 1 5 4 0 5 4 0 2 0 
342 0 4 0 0 5 5 3 4 0 0 
343 1 0 1 0 1 1 0 4 1 2 
344 0 5 0 0 0 0 2 4 5 5 
345 4 0 5 5 1 0 3 0 4 0 
346 5 5 2 1 2 2 4 0 2 1 
347 5 0 5 0 1 0 4 4 5 0 
348 3 5 4 2 0 4 0 1 5 5 
349 1 0 0 2 0 0 5 0 5 4 
350 0 0 3 5 0 1 0 0 0 0 
351 0 2 0 5 4 0 3 1 4 3 
352 0 1 2 2 3 4 1 0 0 0 
353 5 2 2 0 4 0 4 4 4 3 
354 0 0 1 5 2 2 1 0 5 3 
355 3 3 3 4 4 3 0 5 3 2 
356 4 1 5 0 2 0 4 0 4 0 
357 0 0 2 4 0 0 0 0 0 2 
358 3 0 4 4 3 5 2 0 0 2 
359 1 1 5 0 1 0 1 0 0 0 
360 5 0 2 2 5 1 2 0 0 4 
361 0 5 0 2 0 0 0 0 0 0 
362 0 2 5 0 0 3 0 0 1 1 
363 0 5 3 0 0 3 4 0 2 0 
364 1 4 0 5 5 0 4 0 5 0 
365 1 1 3 0 0 2 0 5 0 2 
366 0 0 0 2 2 4 3 5 3 0 
367 5 0 0 0 0 0 2 0 0 1 
368 4 2 4 0 0 0 3 4 0 0 
369 0 1 0 0 5 4 0 0 0 0 
370 0 2 0 5 2 2 5 1 5 3 
371 0 5 3 0 4 4 0 0 0 0 
372 2 1 0 4 5 2 0 0 2 0 
373 2 1 0 0 4 1 2 5 3 0 
374 1 0 0 5 0 0 5 4 4 1 
375 2 4 0 4 0 0 0 0 4 0 
376 0 0 0 3 4 0 4 2 0 0 
377 3 0 4 5 5 5 0 5 5 3 
378 5 0 3 0 1 2 1 1 0 0 
379 4 1 0 1 0 3 4 0 2 3 
380 0 4 3 4 0 0 0 1 0 0 
381 5 2 2 4 4 0 0 0 3 0 
382 2 0 5 1 0 2 0 0 1 5 
383 0 1 0 2 5 0 0 0 0 5 
384 0 0 0 5 0 5 1 4 5 0 
385 4 1 0 0 1 0 0 2 0 0 
386 3 5 0 2 0 5 0 4 4 0 
387 3 0 1 4 5 5 0 5 0 4 
388 2 0 4 5 0 0 1 0 0 4 
389 2 0 4 0 0 0 2 1 2 0 
390 1 0 0 0 1 2 0 0 5 0 
391 4 0 5 1 0 0 3 1 5 0 
392 2 0 3 0 5 4 0 0 3 2 
393 2 3 0 3 2 2 3 0 3 0 
394 2 1 0 2 3 4 4 5 2 0 
395 1 4 4 5 5 0 4 4 0 2 
396 1 0 3 3 0 0 5 4 4 2 
397 0 0 0 0 4 0 0 0 1 4 
398 0 2 0 0 0 4 4 0 5 5 
399 5 3 2 4 0 0 0 0 5 3 
400 5 0 1 2 1 0 4 2 0 0 
401 3 5 2 0 0 3 2 4 1 3 
402 5 2 3 5 5 5 0 0 3 5 
403 5 0 1 2 0 0 0 1 0 0 
404 0 1 2 4 4 4 3 4 0 2 
405 3 5 5 0 0 4 4 1 0 3 
406 3 1 3 3 0 5 3 5 4 0 
407 2 5 0 0 0 0 0 0 3 0 
408 3 0 0 1 0 0 2 4 0 4 
409 4 2 0 2 0 2 5 4 3 0 
410 2 0 0 0 4 5 0 4 0 0 
411 1 3 2 2 0 0 1 0 0 4 
412 5 5 0 0 0 0 1 4 3 0 
413 1 4 0 2 5 0 1 0 2 0 
414 0 5 0 0 3 0 3 0 4 3 
415 5 0 4 5 0 0 1 5 3 5 
416 1 5 1 3 5 5 5 2 3 5 
417 1 0 4 4 0 5 3 1 0 0 
418 3 0 4 0 1 0 3 0 5 0 
419 2 0 4 2 0 4 5 2 0 0 
420 2 3 4 0 5 0 2 4 5 0 
421 0 4 2 0 0 0 0 0 4 0 
422 0 0 1 4 1 4 4 5 0 0 
423 0 4 5 3 3 2 1 1 2 0 
424 5 4 5 0 0 3 4 4 2 0 
425 3 0 0 0 5 4 5 0 0 2 
426 0 5 0 0 5 0 5 0 2 3 
427 0 5 5 4 0 1 0 0 4 0 
428 0 5 4 0 0 1 0 5 5 2 
429 0 2 0 0 5 2 0 4 2 4 
430 0 4 4 5 0 0 5 1 1 0 
431 5 0 0 4 3 0 0 4 0 0 
432 4 0 1 1 0 0 3 5 3 0 
433 0 0 0 1 1 5 1 0 0 1 
434 0 5 5 5 5 2 4 5 2 2 
435 2 3 0 4 3 5 0 1 0 0 
436 3 5 4 4 0 1 0 5 3 4 
437 2 1 4 4 0 5 0 0 3 2 
438 1 0 0 2 0 5 1 5 1 0 
439 3 0 3 0 1 4 3 2 1 0 
440 0 0 0 4 5 0 5 3 5 0 
441 0 4 4 1 1 4 5 0 0 5 
442 0 0 2 0 0 0 1 3 1 3 
443 0 0 3 0 0 0 0 3 2 0 
444 4 4 0 4 0 4 3 2 0 0 
445 4 0 0 4 2 0 4 4 0 3 
446 4 0 0 4 4 4 0 4 5 2 
447 0 1 5 0 4 2 4 2 3 1 
448 0 1 4 3 2 0 0 0 3 0 
449 0 3 4 0 4 0 2 0 0 2 
450 2 2 2 0 0 5 5 2 5 2 
451 4 4 1 2 0 0 0 2 0 3 
452 3 0 0 5 0 1 0 0 4 0 
453 5 5 0 0 3 2 5 0 2 4 
454 1 2 3 1 4 1 0 0 2 0 
455 0 0 1 1 1 0 0 0 0 4 
456 1 4 2 2 5 5 0 0 4 4 
457 4 0 5 1 1 0 1 4 0 2 
458 1 1 3 0 0 0 0 0 3 0 
459 4 5 0 0 0 4 0 2 5 4 
460 4 4 2 0 4 4 0 1 4 4 
461 0 0 4 5 0 5 0 4 2 4 
462 0 0 0 5 0 5 0 0 2 1 
463 0 0 5 5 0 0 0 2 0 1 
464 0 0 3 1 0 2 5 1 1 4 
465 5 2 2 0 0 5 0 0 2 0 
466 4 1 4 0 3 3 2 0 4 0 
467 0 0 3 1 0 0 0 3 2 0 
468 3 1 0 0 1 2 3 5 0 0 
469 4 0 0 1 0 0 5 0 0 3 
470 3 0 0 1 2 1 2 3 0 2 
471 0 0 4 0 0 0 0 5 0 0 
472 0 0 0 0 0 5 3 4 3 1 
473 0 0 1 3 0 0 1 5 4 0 
474 2 0 0 0 5 1 1 0 4 4 
475 0 0 0 0 3 0 0 4 0 4 
476 2 4 0 0 5 1 0 0 0 1 
477 3 3 4 3 3 0 5 5 0 2 
478 3 2 0 0 4 1 0 5 0 0 
479 1 4 5 0 0 1 0 3 3 3 
480 0 1 3 4 4 4 0 4 3 5 
481 1 2 2 0 5 0 0 0 0 3 
482 1 0 0 3 0 0 0 3 3 5 
483 1 0 2 3 0 0 0 2 0 4 
484 0 0 5 2 0 2 2 0 4 0 
485 3 0 2 1 0 5 5 3 4 3 
486 3 4 1 3 0 3 4 0 0 0 
487 4 2 0 0 0 3 0 0 1 0 
488 1 0 5 5 0 4 0 0 0 4 
489 0 4 2 1 1 3 3 3 4 5 
490 0 0 2 5 1 1 0 2 4 5 
491 2 3 0 1 1 5 0 3 0 1 
492 4 5 0 3 0 0 0 0 5 0 
493 0 0 0 2 1 0 0 0 0 1 
494 0 0 5 2 0 1 0 2 3 2 
495 0 0 0 5 2 0 3 4 2 0 
496 5 4 1 3 0 2 0 0 0 2 
497 4 1 2 3 0 0 0 5 0 0 
498 2 0 0 5 0 2 1 0 3 2 
499 0 1 0 4 2 0 4 4 4 3 
500 0 2 3 1 0 0 1 0 3 0 
501 0 0 0 0 1 1 2 0 5 0 
502 0 0 4 0 0 1 2 3 0 4 
503 4 0 0 0 5 0 1 2 4 0 
504 0 0 0 1 0 0 5 0 0 1 
505 5 2 0 1 0 4 0 0 0 3 
506 1 0 5 5 5 4 1 1 3 3 
507 0 4 1 2 1 1 4 2 5 2 
508 2 5 0 2 0 5 3 0 5 0 
509 0 1 2 0 0 0 0 2 3 1 
510 0 0 0 0 2 3 3 1 0 4 
511 0 1 0 0 1 3 5 0 0 3 
512 3 1 0 0 2 5 1 0 1 2 
513 4 2 2 5 0 3 2 0 0 1 
514 2 0 5 1 2 0 0 3 1 0 
515 0 0 0 1 2 0 1 5 0 3 
516 2 4 0 0 0 5 5 0 2 0 
517 2 0 5 5 0 4 4 2 2 2 
518 0 2 2 0 4 1 1 1 0 0 
519 2 3 3 0 3 5 2 4 1 4 
520 1 2 1 0 0 3 0 4 0 4 
521 4 0 5 0 3 0 3 0 0 0 
522 0 3 1 0 5 0 3 0 0 5 
523 0 4 4 0 5 0 1 0 0 2 
524 2 1 0 4 0 1 0 1 3 0 
525 5 0 0 4 0 3 5 0 1 3 
526 5 0 5 0 4 3 0 2 1 4 
527 0 0 0 2 1 0 0 2 0 5 
528 0 3 1 4 0 1 1 2 3 3 
529 5 3 1 1 0 2 0 0 0 0 
530 1 1 0 2 4 4 3 3 4 0 
531 1 0 0 2 5 0 0 0 4 0 
532 5 5 5 0 1 0 4 0 0 0 
533 1 0 4 1 0 3 4 0 0 0 
534 0 3 3 0 1 0 1 0 0 0 
535 0 1 4 0 3 5 0 0 1 5 
536 5 0 0 3 0 4 0 4 0 5 
537 1 0 3 2 2 1 4 2 3 0 
538 2 1 0 5 2 5 0 1 2 2 
539 5 4 1 3 0 4 1 1 2 0 
540 1 3 0 1 0 1 2 0 0 0 
541 0 1 2 2 1 4 2 4 0 3 
542 3 1 2 1 3 0 0 0 0 0 
543 0 3 4 0 0 0 1 0 0 5 
544 1 0 5 4 0 0 0 0 3 0 
545 0 5 0 4 4 5 1 2 2 0 
546 0 0 0 1 0 0 3 0 0 5 
547 0 0 0 0 5 2 0 4 4 0 
548 0 1 2 2 2 5 1 5 1 3 
549 0 0 0 3 1 0 0 0 3 0 
550 0 2 5 0 0 2 4 0 4 2 
551 2 5 0 0 2 3 0 1 0 0 
552 0 5 1 2 3 3 3 0 0 0 
553 1 4 0 4 3 0 1 4 5 0 
554 0 0 3 2 4 1 2 0 0 4 
555 0 0 2 5 2 0 0 5 5 2 
556 2 0 0 0 1 5 0 1 2 2 
557 0 4 0 4 0 5 0 0 5 0 
558 0 3 4 3 1 3 3 0 0 0 
559 4 0 0 3 0 5 4 0 2 0 
560 5 4 1 0 3 0 1 0 0 2 
561 0 1 1 2 0 5 0 4 3 2 
562 0 0 3 0 5 3 0 3 4 3 
563 2 4 3 0 0 2 5 1 0 0 
564 4 2 1 5 0 5 4 0 5 2 
565 0 0 0 1 0 2 2 1 3 0 
566 3 3 5 3 0 5 5 0 0 0 
567 0 3 0 0 0 1 2 2 0 0 
568 5 5 4 0 2 0 4 0 0 2 
569 2 0 0 3 4 0 2 3 5 4 
570 3 1 1 0 4 5 4 3 0 0 
571 0 3 3 0 5 1 0 4 5 0 
572 5 0 2 3 5 0 0 5 4 2 
573 5 2 0 5 5 1 4 0 3 0 
574 2 0 3 5 0 1 5 2 2 0 
575 0 3 4 0 0 0 5 1 2 5 
576 2 0 5 4 5 3 5 1 5 5 
577 2 1 4 0 1 0 0 4 0 3 
578 5 0 0 4 4 4 0 2 3 0 
579 0 0 0 2 5 0 4 2 2 1 
580 3 1 2 0 0 2 3 3 2 5 
581 1 0 0 3 5 4 0 0 2 0 
582 2 3 0 0 0 0 0 4 4 3 
583 0 0 4 0 0 5 1 2 3 0 
584 5 0 5 3 3 0 5 0 0 0 
585 5 5 1 3 1 3 0 0 5 0 
586 0 0 0 0 0 0 3 0 1 2 
587 0 1 2 5 4 5 2 3 5 0 
588 2 2 1 1 3 0 0 0 3 4 
589 4 0 1 0 4 0 0 5 0 3 
590 0 3 1 1 0 1 5 0 0 2 
591 3 2 4 4 0 4 0 2 0 0 
592 2 1 1 2 3 0 3 5 0 0 
593 0 1 5 0 5 0 0 1 2 3 
594 4 5 0 4 0 0 2 5 0 0 
595 5 4 0 0 0 0 0 3 5 1 
596 3 5 2 0 2 0 0 2 0 1 
597 0 0 0 5 0 0 2 3 0 5 
598 0 5 1 0 0 0 0 3 4 0 
599 4 3 5 0 5 0 3 0 3 5 
600 2 2 0 0 0 0 1 1 4 0 
601 2 0 0 5 3 0 4 0 0 0 
602 0 5 0 0 4 3 5 1 1 0 
603 0 1 1 0 0 0 4 5 0 5 
604 1 0 0 5 0 0 0 1 0 0 
605 0 0 0 1 4 5 0 2 0 5 
606 2 3 0 4 2 0 5 4 1 0 
607 2 3 2 3 4 4 3 3 4 1 
608 1 0 0 5 2 4 2 0 5 4 
609 0 4 2 4 1 0 4 2 5 0 
610 5 0 3 0 1 1 0 0 0 2 
611 3 1 0 5 0 1 0 2 0 3 
612 5 2 4 5 1 5 0 2 1 3 
613 0 0 5 0 3 5 1 1 0 4 
614 0 5 4 0 3 0 3 3 3 1 
615 0 0 2 5 2 1 5 5 4 0 
616 0 0 5 0 0 2 2 5 0 2 
617 4 0 0 0 2 4 0 5 0 1 
618 2 3 4 3 0 0 0 0 0 3 
619 4 5 5 4 0 4 0 0 0 2 
620 4 0 4 2 3 3 4 5 0 5 
621 0 0 5 4 1 5 3 2 5 1 
622 1 1 1 4 4 0 3 4 0 1 
623 2 0 4 4 3 5 4 1 0 0 
624 0 4 0 0 0 5 0 1 0 0 
625 0 0 2 0 1 0 0 0 0 4 
626 2 0 2 5 3 0 0 0 0 0 
627 0 3 0 1 5 0 0 2 0 0 
628 1 0 0 0 5 5 0 0 4 5 
629 0 3 4 4 0 4 0 0 4 0 
630 0 1 0 0 0 3 1 0 0 3 
631 3 3 1 4 0 0 5 0 4 0 
632 0 0 3 0 2 5 3 2 4 1 
633 2 0 1 0 3 4 5 0 2 5 
634 3 0 5 0 1 2 3 2 2 5 
635 2 5 0 1 5 2 0 2 0 0 
636 4 5 1 0 0 0 0 0 1 0 
637 5 0 3 0 4 0 5 0 0 0 
638 1 3 1 0 0 0 1 0 0 4 
639 4 0 2 2 0 2 5 4 2 2 
640 0 0 5 4 4 1 3 2 2 1 
641 1 0 0 0 0 2 5 0 0 1 
642 0 0 0 4 0 0 0 2 2 1 
643 4 0 1 2 4 4 1 2 3 2 
644 0 0 5 2 0 0 0 0 0 5 
645 0 3 0 1 3 5 3 3 4 5 
646 0 4 0 3 0 4 0 4 0 1 
647 2 5 5 4 0 0 2 0 5 0 
648 1 1 4 3 0 0 1 0 0 4 
649 4 0 3 0 4 4 3 1 3 0 
650 0 0 4 3 0 0 1 0 0 0 
651 1 1 3 0 0 0 2 2 2 0 
652 2 0 5 5 0 2 0 1 0 2 
653 4 5 4 0 1 1 0 2 5 0 
654 2 0 2 0 1 1 0 3 0 0 
655 2 0 1 0 1 4 0 0 0 5 
656 5 2 0 0 3 0 0 2 0 0 
657 0 0 5 2 3 3 0 0 0 0 
658 0 0 0 4 0 0 0 2 0 5 
659 0 0 0 0 1 0 0 0 0 4 
660 0 0 4 4 0 3 5 2 3 2 
661 0 0 4 5 3 0 4 2 3 4 
662 0 5 3 0 2 0 1 4 0 3 
663 0 5 3 0 5 2 5 2 3 0 
664 5 0 0 2 0 5 5 1 4 5 
665 3 1 3 0 1 1 0 0 2 5 
666 3 0 0 3 0 4 0 2 2 0 
667 0 1 0 0 0 0 0 4 5 0 
668 4 1 0 3 4 2 2 0 1 3 
669 5 0 0 3 5 2 5 4 4 0 
670 2 5 0 2 5 2 0 0 5 0 
671 0 0 0 2 0 0 1 2 0 4 
672 0 5 3 4 2 3 5 5 5 1 
673 4 0 4 2 5 0 5 2 4 0 
674 0 1 0 3 3 5 0 5 0 0 
675 0 5 2 1 0 1 0 1 1 5 
676 3 0 5 5 4 0 2 4 5 2 
677 0 0 4 5 0 0 3 0 5 0 
678 3 3 1 0 2 4 1 4 0 0 
679 0 1 2 4 1 4 3 0 1 0 
680 4 3 3 0 5 4 0 1 0 4 
681 4 2 0 0 1 2 4 2 1 0 
682 0 2 5 1 1 0 5 0 3 5 
683 0 0 2 1 4 0 0 4 4 2 
684 0 2 1 0 2 3 3 0 0 5 
685 0 1 1 0 0 0 5 1 2 1 
686 3 0 2 4 5 1 1 0 2 4 
687 0 1 0 0 5 2 3 0 3 0 
688 4 4 2 3 3 2 2 4 2 4 
689 5 2 3 4 0 0 0 4 5 5 
690 0 0 3 0 0 0 5 0 0 0 
691 1 1 3 0 0 5 0 3 1 1 
692 0 3 0 3 3 1 2 4 0 0 
693 2 0 0 5 2 2 0 5 4 3 
694 3 0 0 0 2 2 3 1 4 1 
695 1 2 2 3 4 5 3 3 0 0 
696 0 5 0 3 0 1 0 0 0 0 
697 4 0 0 1 1 3 0 3 1 5 
698 0 0 3 2 0 4 1 0 3 0 
699 3 0 1 5 0 1 0 4 4 0 
700 4 0 3 5 0 3 0 1 1 3 
701 4 0 1 2 3 0 1 5 4 0 
702 0 5 0 3 0 1 0 0 2 0 
703 0 0 2 0 4 4 0 0 3 5 
704 4 5 0 2 4 3 0 4 4 0 
705 3 0 0 1 1 5 3 0 1 5 
706 3 1 0 0 5 0 0 4 1 5 
707 2 3 0 4 4 0 1 0 3 3 
708 0 2 0 0 4 1 5 4 4 0 
709 2 0 3 5 0 2 4 3 2 4 
710 2 5 0 0 0 1 2 0 0 2 
711 0 5 3 0 0 4 4 0 0 2 
712 1 2 0 3 0 0 1 5 0 0 
713 0 0 3 2 5 5 0 5 1 5 
714 1 2 4 4 3 0 2 0 2 0 
715 0 0 1 0 4 5 4 3 0 0 
716 5 2 0 0 1 0 1 5 0 4 
717 4 0 0 4 1 0 0 0 2 5 
718 4 5 4 5 0 2 0 4 0 2 
719 0 5 0 3 0 3 0 5 5 0 
720 1 0 0 4 1 3 4 3 2 1 
721 3 4 0 5 5 0 2 0 3 0 
722 4 2 0 2 0 0 0 2 0 3 
723 3 1 0 3 5 1 0 3 0 0 
724 3 3 3 3 0 0 3 1 4 2 
725 1 2 3 3 2 5 3 4 2 2 
726 0 0 1 2 5 0 2 0 3 0 
727 2 1 0 4 4 4 0 4 2 0 
728 1 0 2 2 2 3 0 5 3 2 
729 0 0 0 0 3 5 1 5 3 0 
730 0 5 0 5 0 0 0 3 0 3 
731 3 1 5 0 5 0 3 0 2 1 
732 5 0 5 5 0 0 0 2 5 4 
733 2 5 3 3 0 3 0 3 5 4 
734 1 0 0 0 0 1 2 0 1 2 
735 4 1 1 0 0 0 4 0 1 0 
736 0 0 3 2 5 0 0 1 0 2 
737 0 0 5 3 2 0 0 5 2 0 
738 3 4 0 2 5 0 2 0 4 3 
739 5 5 0 1 4 0 0 3 4 4 
740 0 3 0 5 2 0 5 5 0 0 
741 0 2 5 0 0 1 1 0 1 0 
742 2 0 3 3 0 2 5 3 5 2 
743 2 0 0 4 0 4 0 0 0 2 
744 3 2 2 3 0 0 0 2 2 4 
745 3 0 2 3 0 1 0 3 2 4 
746 0 5 0 0 0 5 0 0 5 4 
747 4 0 5 4 2 3 0 0 5 5 
748 5 5 1 4 0 0 4 0 3 0 
749 5 0 0 0 0 0 3 0 0 1 
750 2 4 2 5 5 0 1 0 0 4 
751 4 5 0 4 4 5 1 0 0 0 
752 0 2 0 5 4 1 2 0 2 4 
753 0 4 4 0 0 2 0 3 2 0 
754 0 0 5 0 0 1 4 2 5 5 
755 2 4 0 4 4 5 0 1 0 4 
756 5 5 0 0 5 3 0 2 0 5 
757 1 2 3 0 0 5 2 0 2 5 
758 5 0 5 0 3 0 5 3 2 0 
759 0 0 4 0 3 0 5 0 0 0 
760 1 0 5 1 3 2 5 5 0 4 
761 0 1 0 0 0 0 1 0 1 1 
762 5 0 5 0 4 0 3 0 0 4 
763 2 5 0 4 0 2 3 5 0 0 
764 5 0 3 5 0 0 4 2 0 4 
765 0 5 0 1 0 0 0 3 4 0 
766 0 1 4 4 0 0 0 5 5 3 
767 0 1 4 4 4 5 3 4 5 5 
768 0 2 0 0 1 4 4 0 4 0 
769 0 0 3 1 0 0 3 1 0 4 
770 5 0 5 2 2 0 0 0 4 0 
771 0 0 2 3 0 1 1 0 1 4 
772 2 3 1 1 4 0 3 4 2 3 
773 0 0 2 1 0 4 3 0 5 0 
774 1 3 5 0 0 0 0 4 1 2 
775 0 1 3 0 0 2 0 0 0 1 
776 0 3 0 1 2 5 3 1 1 5 
777 0 1 0 0 3 3 4 3 4 1 
778 0 3 1 0 4 0 0 2 2 5 
779 0 5 3 0 0 0 3 4 0 1 
780 0 4 2 3 0 0 4 1 5 0 
781 3 4 0 5 0 0 2 4 0 5 
782 3 0 4 3 2 0 4 0 4 2 
783 0 4 0 0 5 2 0 1 3 0 
784 0 1 5 4 1 0 0 3 5 4 
785 0 3 2 4 5 5 3 5 2 2 
786 4 0 0 0 0 4 5 0 0 0 
787 1 5 1 5 2 1 4 0 4 2 
788 0 4 0 0 3 5 1 4 4 0 
789 0 5 0 5 4 3 5 0 0 2 
790 1 3 0 3 5 0 0 0 0 3 
791 2 3 1 0 0 0 2 2 3 0 
792 2 5 0 2 4 3 3 0 5 3 
793 0 3 0 0 5 0 2 1 1 0 
794 0 4 0 3 0 3 3 0 2 0 
795 4 4 3 5 3 0 0 0 5 5 
796 0 4 0 2 1 0 0 0 0 2 
797 3 0 0 0 0 4 0 5 4 0 
798 0 0 0 0 1 4 3 0 0 4 
799 1 3 5 4 0 4 4 0 2 2 
800 1 4 0 2 5 4 2 0 4 0 
801 20 0 0 0 0 0 0 0 0 0 
802 0 20 0 0 0 0 0 0 0 0 
803 0 0 20 0 0 0 0 0 0 0 
804 0 0 0 20 0 0 0 0 0 0 
805 0 0 0 0 20 0 0 0 0 0 
806 0 0 0 0 0 20 0 0 0 0 
807 0 0 0 0 0 0 20 0 0 0 
808 0 0 0 0 0 0 0 20 0 0 
809 0 0 0 0 0 0 0 0 20 0 
810 0 0 0 0 0 0 0 0 0 20 
MDEPOT_SECTION
801 802 803 804 805 806 807 808 809 810 
EOF
