TYPE: HDVRPSV
DEMAND_DIMENSION: 10
DIMENSION: 810
DEPOT_NUMBERS: 10
EDGE_WEIGHT_TYPE: EUC_2D
MCAPACITY: 
1 20 20 20 20 20 20 20 20 20 20 
NODE_COORD_SECTION
1 549.19 924.85
2 347.66 377.92
3 452.35 654.78
4 373.37 50.04
5 680.51 808.1
6 331.38 548.38
7 466.41 880.24
8 164.9 697.95
9 6.85 667.12
10 266.3 616.1
11 840.45 952.08
12 699.84 384.75
13 435.86 455.83
14 979.03 287.97
15 751.42 114.7
16 17.21 462.45
17 981.57 578.16
18 782.7 330.08
19 406.11 276.44
20 417.62 410.57
21 60.0 98.38
22 392.16 182.72
23 445.06 730.13
24 243.12 681.16
25 719.3 120.6
26 268.01 273.92
27 942.76 274.6
28 341.93 898.11
29 329.8 582.7
30 655.16 225.87
31 398.83 762.55
32 674.12 296.62
33 386.39 309.79
34 545.84 753.66
35 415.01 230.14
36 956.91 732.18
37 308.3 638.93
38 979.19 93.09
39 62.75 652.99
40 782.54 605.92
41 901.57 222.02
42 728.61 588.33
43 38.67 615.13
44 672.7 287.26
45 88.33 329.93
46 302.55 942.37
47 554.62 283.4
48 53.03 838.98
49 307.6 247.86
50 586.28 956.27
51 904.33 639.94
52 52.45 864.46
53 934.22 119.96
54 410.98 654.99
55 474.36 63.26
56 906.7 546.07
57 514.43 62.0
58 830.68 198.92
59 801.31 679.27
60 783.15 143.63
61 410.23 484.57
62 587.6 793.78
63 974.17 344.7
64 917.78 191.84
65 69.51 44.93
66 199.8 567.91
67 427.35 1.19
68 176.75 849.02
69 236.44 256.16
70 643.57 185.26
71 439.28 808.92
72 695.41 396.73
73 196.4 916.59
74 352.61 984.24
75 107.21 162.59
76 605.3 33.22
77 642.98 242.69
78 728.03 76.58
79 236.63 568.02
80 849.15 366.57
81 505.52 380.93
82 154.45 870.31
83 963.92 804.79
84 127.34 598.21
85 325.06 92.33
86 213.29 251.59
87 20.63 196.59
88 369.15 837.08
89 285.04 866.28
90 509.03 160.89
91 141.01 595.22
92 424.35 581.25
93 201.01 95.99
94 8.67 544.9
95 404.29 59.37
96 633.83 98.42
97 847.0 125.94
98 764.12 419.22
99 235.57 734.3
100 845.33 511.5
101 304.03 751.95
102 990.81 125.94
103 562.14 131.05
104 937.74 908.41
105 135.8 265.75
106 248.58 713.67
107 100.9 213.07
108 219.91 281.53
109 637.2 626.91
110 720.51 416.28
111 830.44 262.37
112 887.46 980.85
113 562.64 333.64
114 697.2 177.92
115 495.31 885.62
116 591.52 502.54
117 955.71 428.35
118 785.1 163.39
119 808.31 228.63
120 145.92 652.24
121 849.0 38.35
122 968.07 45.84
123 474.02 560.01
124 67.04 540.8
125 848.35 30.85
126 150.61 784.53
127 698.26 570.06
128 502.89 767.25
129 275.57 61.2
130 465.06 297.89
131 631.73 778.21
132 104.45 998.47
133 828.99 749.06
134 402.01 57.68
135 784.49 88.11
136 724.44 63.18
137 195.62 319.4
138 674.17 58.17
139 186.84 293.06
140 40.41 186.93
141 152.08 443.47
142 938.89 382.77
143 237.02 890.44
144 606.65 22.01
145 501.4 826.84
146 270.13 53.59
147 14.69 653.81
148 604.72 699.59
149 779.19 933.47
150 693.75 42.82
151 637.5 944.11
152 919.79 435.43
153 318.59 955.67
154 319.05 900.15
155 153.27 606.33
156 266.19 571.09
157 264.68 763.1
158 355.45 964.69
159 652.61 823.44
160 640.41 341.85
161 552.84 848.1
162 234.99 969.95
163 515.71 980.96
164 520.37 731.72
165 862.79 713.91
166 912.23 82.23
167 440.79 90.99
168 847.12 131.14
169 601.18 735.81
170 938.35 60.68
171 911.53 165.58
172 998.28 464.81
173 114.6 363.62
174 624.32 876.5
175 260.67 189.36
176 33.83 231.98
177 126.06 625.04
178 875.82 575.38
179 703.2 611.26
180 166.48 23.04
181 304.33 458.96
182 884.71 403.82
183 142.51 355.29
184 624.43 528.42
185 532.48 390.26
186 460.79 257.6
187 307.92 382.21
188 578.08 895.09
189 725.45 566.74
190 919.0 208.3
191 879.49 384.03
192 888.28 163.55
193 498.55 428.16
194 782.31 82.23
195 570.66 280.32
196 419.42 510.77
197 923.37 379.91
198 266.07 858.99
199 934.74 920.12
200 470.64 888.65
201 193.3 868.43
202 252.19 757.68
203 615.95 704.25
204 226.63 936.3
205 772.07 477.12
206 546.22 995.97
207 937.1 368.96
208 240.68 422.53
209 896.37 124.65
210 169.38 648.54
211 968.41 73.79
212 767.93 425.79
213 148.7 904.36
214 48.47 51.36
215 861.28 466.51
216 773.97 451.04
217 43.43 367.08
218 832.97 95.85
219 122.27 230.68
220 283.97 425.26
221 300.48 730.94
222 411.9 629.21
223 106.31 525.51
224 610.94 664.02
225 304.38 687.15
226 823.19 379.66
227 101.48 282.39
228 754.26 894.71
229 102.96 34.69
230 569.83 730.57
231 993.88 487.63
232 488.62 850.92
233 927.32 815.67
234 794.39 630.98
235 937.46 752.6
236 326.25 190.78
237 139.41 201.82
238 503.44 379.77
239 850.8 909.81
240 605.69 419.13
241 218.35 199.03
242 942.14 271.98
243 499.22 140.55
244 462.33 442.12
245 741.94 857.17
246 202.45 979.94
247 524.7 544.89
248 820.26 217.9
249 882.94 579.59
250 108.07 879.46
251 60.26 867.4
252 243.03 976.5
253 257.73 291.93
254 243.86 921.08
255 469.37 39.26
256 105.15 618.37
257 155.62 730.16
258 280.23 958.94
259 178.12 150.6
260 843.39 805.82
261 604.91 39.64
262 359.65 375.85
263 738.28 648.6
264 419.86 562.72
265 891.41 67.59
266 406.96 736.35
267 114.97 542.68
268 207.28 162.79
269 684.8 861.69
270 349.03 548.82
271 666.21 120.72
272 447.47 740.91
273 810.8 600.34
274 621.5 900.01
275 201.69 829.44
276 331.46 317.43
277 237.09 955.01
278 342.55 509.54
279 458.52 349.46
280 136.92 131.58
281 973.56 736.87
282 610.81 220.92
283 609.25 86.54
284 86.4 660.72
285 624.57 551.19
286 21.01 73.29
287 143.94 901.45
288 289.22 993.88
289 554.99 993.08
290 379.34 451.47
291 354.96 607.41
292 329.83 564.59
293 996.2 582.57
294 742.51 472.67
295 569.77 542.89
296 658.28 627.58
297 21.9 478.02
298 640.38 134.61
299 587.35 243.1
300 454.1 771.83
301 112.33 897.24
302 172.48 535.43
303 674.76 346.15
304 513.75 214.08
305 417.33 902.9
306 675.49 731.61
307 543.54 674.33
308 34.72 121.11
309 44.67 559.84
310 503.18 407.87
311 427.45 454.86
312 250.87 428.75
313 592.89 539.51
314 334.66 703.74
315 444.19 929.6
316 159.28 815.13
317 965.96 40.54
318 614.11 599.18
319 387.94 376.37
320 32.35 919.93
321 283.33 217.42
322 315.33 48.99
323 319.02 945.26
324 321.65 285.27
325 292.12 254.4
326 622.77 836.22
327 838.94 787.12
328 495.89 79.94
329 598.47 618.96
330 237.39 299.42
331 102.94 749.36
332 284.98 74.0
333 656.46 862.34
334 230.61 805.14
335 342.62 414.29
336 934.36 143.87
337 361.22 485.9
338 708.57 213.43
339 316.77 834.39
340 390.23 674.76
341 339.17 125.6
342 804.34 851.63
343 459.92 972.35
344 397.37 865.53
345 6.42 649.02
346 565.67 904.45
347 887.97 347.2
348 597.4 725.96
349 228.75 513.54
350 432.34 478.2
351 531.81 565.16
352 800.88 878.15
353 76.67 993.94
354 612.4 832.56
355 186.23 478.07
356 850.35 844.89
357 489.5 162.18
358 50.96 202.83
359 804.44 902.13
360 37.89 54.69
361 821.65 775.34
362 206.89 747.1
363 459.27 231.59
364 214.49 951.73
365 878.75 735.05
366 894.85 153.35
367 449.85 462.43
368 759.67 613.9
369 114.81 74.67
370 758.3 81.32
371 75.77 519.84
372 875.51 184.77
373 320.21 184.94
374 886.62 520.36
375 131.18 997.3
376 701.75 366.67
377 504.0 227.29
378 407.65 563.63
379 66.95 411.49
380 819.74 104.94
381 723.34 461.5
382 517.23 440.05
383 433.5 991.83
384 920.46 135.43
385 855.4 970.04
386 901.07 39.99
387 427.42 818.91
388 710.18 384.2
389 877.62 81.59
390 62.29 639.59
391 730.14 275.27
392 121.68 791.29
393 723.75 481.14
394 648.62 343.68
395 140.61 296.97
396 94.94 766.84
397 918.36 863.61
398 895.94 480.71
399 217.24 515.18
400 646.54 926.92
401 780.32 477.64
402 76.86 170.96
403 825.29 72.9
404 530.55 611.97
405 932.53 645.9
406 295.32 929.65
407 942.47 153.12
408 555.28 596.89
409 857.04 565.84
410 239.93 390.79
411 427.26 412.75
412 4.7 447.56
413 62.99 161.38
414 784.0 931.64
415 777.46 344.19
416 948.16 976.8
417 717.83 562.08
418 967.24 893.58
419 659.83 741.57
420 362.97 598.94
421 327.87 140.65
422 342.47 650.83
423 961.51 412.5
424 161.6 235.89
425 598.78 719.11
426 907.96 14.46
427 291.05 59.9
428 922.29 165.37
429 173.02 808.66
430 937.78 748.49
431 214.48 161.29
432 723.9 80.22
433 121.3 44.83
434 241.34 237.62
435 879.02 174.39
436 252.82 755.12
437 113.48 229.33
438 379.64 561.5
439 452.69 109.55
440 188.47 876.2
441 12.98 543.96
442 101.28 247.23
443 502.63 727.22
444 604.81 610.66
445 930.18 698.04
446 267.54 680.26
447 82.0 712.5
448 325.35 508.98
449 245.21 531.84
450 290.57 801.48
451 829.9 213.0
452 926.83 191.46
453 233.79 792.21
454 790.66 884.96
455 900.26 317.24
456 890.1 612.91
457 886.59 859.02
458 816.42 806.0
459 594.48 171.32
460 25.72 436.66
461 455.63 722.62
462 82.73 49.21
463 64.66 704.11
464 549.19 208.37
465 734.96 84.85
466 823.61 144.5
467 595.56 35.27
468 129.54 744.25
469 447.65 684.88
470 536.98 721.07
471 167.51 599.08
472 723.46 566.23
473 457.9 635.65
474 440.93 992.38
475 376.6 911.65
476 977.78 788.24
477 161.87 78.08
478 469.59 817.52
479 414.1 818.62
480 894.97 476.9
481 971.29 359.31
482 539.56 429.06
483 78.63 605.65
484 881.46 499.29
485 666.08 957.18
486 604.79 754.23
487 605.54 374.2
488 423.33 833.11
489 404.84 511.99
490 336.54 517.51
491 382.28 916.24
492 87.42 198.48
493 58.23 185.53
494 653.15 984.18
495 807.09 986.59
496 118.94 293.82
497 318.94 207.71
498 115.63 154.49
499 556.82 826.25
500 551.96 890.65
501 850.99 52.74
502 300.61 533.22
503 771.95 719.28
504 547.73 205.62
505 754.52 84.32
506 9.77 535.72
507 137.59 800.01
508 175.01 943.38
509 548.22 961.31
510 576.34 275.87
511 381.7 684.87
512 709.5 96.15
513 356.89 800.64
514 25.23 289.31
515 63.99 875.84
516 417.45 420.3
517 836.24 125.91
518 196.85 507.75
519 527.26 240.82
520 886.52 443.26
521 457.43 490.69
522 215.54 534.16
523 890.97 490.84
524 436.07 748.39
525 116.15 994.17
526 126.81 844.08
527 990.75 873.34
528 263.89 583.1
529 580.09 76.59
530 176.93 15.64
531 643.11 311.68
532 14.1 400.29
533 420.51 506.93
534 863.38 695.94
535 193.45 821.88
536 337.9 840.87
537 763.48 549.62
538 496.06 897.43
539 53.64 264.8
540 894.1 154.77
541 562.58 480.42
542 208.96 954.7
543 484.8 115.6
544 747.94 227.29
545 856.63 411.96
546 35.26 833.08
547 706.77 306.26
548 660.2 142.57
549 973.57 842.76
550 18.41 233.55
551 443.32 970.77
552 659.37 854.17
553 696.45 742.51
554 335.57 599.91
555 527.85 778.36
556 507.38 659.24
557 377.78 140.4
558 845.81 738.41
559 699.5 184.57
560 879.92 18.17
561 783.56 709.61
562 340.75 871.82
563 336.31 116.65
564 0.49 281.06
565 772.13 733.39
566 161.81 529.24
567 460.91 781.49
568 747.84 81.16
569 220.54 350.75
570 308.96 683.46
571 862.21 98.58
572 55.99 292.09
573 365.13 833.4
574 573.32 726.26
575 611.44 437.84
576 378.59 654.62
577 622.36 652.8
578 8.01 635.07
579 676.5 308.54
580 997.06 27.33
581 436.1 387.86
582 97.73 657.05
583 492.01 799.42
584 842.61 397.31
585 656.6 285.06
586 613.17 937.72
587 333.97 336.11
588 967.13 824.16
589 465.43 229.82
590 861.08 741.28
591 819.21 990.36
592 740.42 967.31
593 960.12 162.69
594 771.83 352.24
595 411.61 837.32
596 78.07 558.57
597 75.06 694.45
598 777.51 202.26
599 878.19 226.85
600 652.34 624.15
601 181.6 777.73
602 862.05 285.56
603 420.99 822.77
604 747.12 596.13
605 274.35 314.82
606 342.76 784.8
607 841.49 42.28
608 673.88 925.26
609 504.28 710.81
610 281.23 712.44
611 51.93 971.19
612 502.47 459.78
613 212.31 916.38
614 844.99 722.71
615 255.62 639.81
616 99.86 767.78
617 999.45 585.21
618 133.72 502.67
619 633.86 918.89
620 639.96 630.71
621 755.18 194.66
622 499.13 587.34
623 314.19 5.04
624 836.63 175.85
625 886.77 909.18
626 808.6 316.71
627 519.82 217.35
628 960.12 317.7
629 432.65 414.9
630 676.64 596.17
631 599.9 865.17
632 590.48 1.46
633 539.05 350.19
634 736.36 859.12
635 98.72 321.38
636 469.59 903.19
637 296.98 433.15
638 267.7 107.77
639 565.3 101.45
640 863.58 821.23
641 994.52 679.82
642 545.19 145.1
643 389.69 200.07
644 289.41 114.27
645 129.79 483.17
646 837.4 252.75
647 666.63 654.88
648 421.01 862.68
649 891.43 870.73
650 11.59 878.79
651 13.9 714.69
652 944.47 155.83
653 56.34 905.37
654 703.05 177.26
655 397.8 173.69
656 512.85 909.48
657 523.22 384.39
658 510.32 106.78
659 315.07 766.9
660 997.19 202.61
661 329.39 731.42
662 778.99 122.83
663 319.58 238.32
664 846.02 107.07
665 532.62 95.29
666 832.36 848.34
667 185.2 902.52
668 305.99 869.83
669 288.71 436.48
670 389.75 277.62
671 356.93 472.74
672 135.19 159.88
673 863.45 170.54
674 731.18 661.63
675 459.27 159.59
676 512.32 607.71
677 319.67 1.35
678 801.2 662.14
679 330.02 454.39
680 945.59 635.62
681 861.98 477.86
682 193.46 4.92
683 978.67 724.8
684 820.6 212.98
685 464.25 439.82
686 853.27 20.84
687 921.68 50.42
688 406.04 737.39
689 169.33 269.79
690 721.38 438.57
691 670.18 964.05
692 771.43 91.41
693 729.11 940.07
694 550.18 244.89
695 22.78 511.8
696 320.72 556.56
697 926.04 611.2
698 361.47 65.37
699 1.09 420.55
700 330.36 698.27
701 417.43 511.08
702 194.01 364.28
703 990.61 264.43
704 659.25 560.0
705 238.11 486.58
706 937.26 326.98
707 833.42 492.73
708 24.27 798.35
709 698.09 80.22
710 201.09 961.07
711 832.14 285.38
712 518.35 383.74
713 868.83 861.67
714 51.24 440.93
715 568.7 221.89
716 496.45 897.21
717 969.78 835.88
718 299.36 319.03
719 432.95 783.78
720 561.24 814.51
721 729.29 132.45
722 949.64 42.27
723 742.09 155.12
724 358.9 181.66
725 155.82 499.86
726 962.97 530.25
727 813.99 175.48
728 652.01 363.57
729 968.4 156.36
730 442.36 929.26
731 88.53 276.17
732 395.25 287.55
733 42.15 572.68
734 390.29 402.99
735 168.35 100.38
736 694.87 679.07
737 435.61 927.25
738 602.72 38.4
739 357.8 492.5
740 142.11 212.07
741 648.46 155.52
742 18.26 749.0
743 710.88 890.49
744 56.55 153.91
745 916.98 975.7
746 729.85 862.49
747 512.89 687.06
748 226.61 727.15
749 401.15 272.35
750 753.73 657.53
751 23.33 756.32
752 654.6 163.26
753 568.08 736.21
754 710.48 321.45
755 931.54 74.3
756 564.53 495.12
757 812.38 291.75
758 375.01 767.94
759 757.71 383.71
760 199.99 500.71
761 238.76 170.46
762 857.67 251.95
763 812.41 759.43
764 165.32 737.03
765 512.53 177.51
766 369.73 818.92
767 533.98 207.26
768 359.47 664.92
769 57.97 314.61
770 64.97 818.62
771 778.7 314.05
772 756.72 192.65
773 861.29 502.41
774 401.62 301.82
775 640.91 521.13
776 916.61 648.64
777 124.64 388.71
778 541.85 769.55
779 114.29 336.61
780 362.08 886.82
781 671.92 621.45
782 859.25 703.35
783 628.14 49.87
784 270.44 734.6
785 905.0 980.34
786 542.41 461.55
787 945.04 441.0
788 976.8 181.05
789 436.86 788.1
790 75.72 604.97
791 497.23 32.95
792 761.42 502.58
793 919.66 27.15
794 434.03 552.28
795 342.45 115.8
796 723.87 904.05
797 636.25 875.48
798 547.33 895.42
799 603.06 904.8
800 333.28 269.52
801 49.94 650.8
802 467.68 182.15
803 859.33 707.8
804 162.18 816.11
805 1.36 546.18
806 926.76 559.74
807 86.84 786.62
808 375.07 225.25
809 159.24 356.58
810 93.53 807.0
DEMAND_SECTION
1 4 0 0 0 3 0 0 1 5 0 
2 0 3 1 5 2 2 2 2 0 0 
3 1 4 5 4 4 0 0 1 0 0 
4 1 2 2 0 4 2 1 0 0 0 
5 5 4 3 0 2 3 0 1 0 2 
6 4 4 0 1 3 3 1 0 5 2 
7 1 1 0 0 0 1 0 3 3 5 
8 0 0 2 0 0 5 0 0 3 0 
9 0 0 3 1 0 0 0 0 0 2 
10 0 0 1 3 1 5 0 0 5 0 
11 0 1 0 1 2 1 4 0 0 0 
12 1 4 2 0 0 0 5 3 0 2 
13 0 0 0 4 5 1 0 1 0 0 
14 5 1 3 0 5 1 5 0 1 3 
15 1 0 0 0 5 2 2 2 4 0 
16 3 0 2 0 5 0 1 2 5 5 
17 0 0 4 4 4 2 5 0 5 1 
18 0 0 3 5 5 0 5 0 1 4 
19 3 2 0 5 4 2 2 3 0 3 
20 5 5 5 2 4 1 2 5 2 4 
21 0 0 0 5 5 3 0 0 3 4 
22 0 3 4 4 5 0 0 2 0 4 
23 5 0 1 4 1 4 5 0 0 0 
24 5 4 4 4 0 0 4 5 0 5 
25 0 0 0 1 1 3 5 0 5 0 
26 3 3 3 3 0 1 1 0 0 0 
27 5 1 0 1 0 0 3 2 0 0 
28 0 0 5 4 4 3 0 2 0 0 
29 3 0 4 0 3 2 0 0 3 4 
30 0 4 4 4 3 0 0 2 4 4 
31 5 0 3 0 5 3 1 3 5 0 
32 0 2 4 0 4 0 0 2 0 5 
33 0 0 0 0 0 1 4 4 2 0 
34 0 3 5 5 0 0 1 4 5 2 
35 0 2 0 0 5 3 0 0 3 2 
36 0 0 0 0 1 3 0 4 5 5 
37 4 2 0 1 0 1 3 0 2 4 
38 0 0 0 4 0 5 3 3 0 4 
39 1 4 4 0 2 3 2 5 0 2 
40 1 0 4 0 2 5 4 3 1 2 
41 0 3 2 0 0 0 0 0 0 0 
42 0 5 0 0 0 5 2 4 0 0 
43 2 2 3 3 2 0 0 1 3 0 
44 5 4 1 0 0 4 5 0 4 4 
45 4 0 0 4 3 0 2 2 0 2 
46 0 0 0 1 3 0 0 5 2 3 
47 1 0 0 0 2 5 1 0 0 3 
48 2 1 3 2 0 4 1 0 0 2 
49 5 3 2 0 4 0 2 0 4 4 
50 0 0 5 3 0 5 5 4 0 2 
51 0 0 3 0 5 1 0 0 0 5 
52 5 3 1 1 0 3 4 4 0 4 
53 0 2 5 1 0 1 0 4 5 0 
54 0 2 2 0 0 0 0 0 0 2 
55 1 2 0 2 3 1 5 3 5 3 
56 2 2 4 0 2 4 5 3 0 0 
57 4 0 0 1 3 2 2 0 5 1 
58 0 1 0 4 0 0 0 0 3 4 
59 0 2 3 3 0 4 0 0 0 0 
60 5 0 0 0 1 0 0 2 3 2 
61 5 0 0 0 0 0 4 0 3 4 
62 1 0 0 0 0 0 0 3 5 5 
63 0 0 1 1 0 0 0 0 2 4 
64 2 5 3 0 4 4 0 0 0 4 
65 5 0 0 5 0 0 0 2 3 0 
66 0 4 0 4 0 2 0 0 4 0 
67 0 5 0 5 3 1 2 5 3 3 
68 2 2 0 0 0 0 2 1 0 3 
69 1 1 2 4 0 0 4 5 4 0 
70 4 1 0 3 4 0 0 5 5 3 
71 2 4 2 0 0 5 5 0 3 2 
72 0 1 1 5 0 5 4 4 2 0 
73 3 5 1 3 3 5 0 5 2 2 
74 2 4 2 0 3 0 5 5 3 2 
75 5 2 5 2 4 0 0 0 3 4 
76 0 0 1 4 0 3 4 2 0 0 
77 4 2 5 0 5 1 0 5 5 0 
78 4 2 0 1 0 0 0 0 0 2 
79 4 0 4 4 0 3 1 3 2 3 
80 2 0 5 4 3 1 0 0 2 0 
81 4 1 3 3 3 5 0 4 0 5 
82 0 4 4 0 2 3 0 2 2 0 
83 3 3 0 5 3 1 0 3 5 1 
84 0 5 0 5 5 0 0 0 0 4 
85 4 3 0 0 0 4 2 1 3 1 
86 0 0 1 0 0 4 0 0 1 2 
87 2 4 4 1 0 0 0 0 0 0 
88 4 0 0 0 4 4 0 5 0 5 
89 5 3 3 5 0 3 5 2 5 5 
90 5 0 2 1 1 2 0 0 0 0 
91 0 0 0 0 2 1 0 2 0 0 
92 2 3 0 3 0 0 3 3 4 0 
93 0 0 0 5 3 0 0 2 0 4 
94 3 4 1 3 5 0 3 2 0 0 
95 0 0 0 1 0 0 5 2 0 1 
96 0 2 0 5 3 0 0 0 0 3 
97 2 2 4 3 0 0 0 4 3 1 
98 0 0 4 2 5 0 4 0 2 3 
99 0 0 0 3 5 3 0 2 0 5 
100 3 2 0 2 5 1 1 4 1 4 
101 1 4 2 0 0 1 3 3 1 1 
102 3 5 0 1 5 5 1 2 2 4 
103 5 0 0 1 0 4 2 1 0 4 
104 0 0 0 4 5 2 0 3 3 3 
105 0 4 5 3 1 5 0 3 3 0 
106 4 0 0 3 2 0 2 0 5 0 
107 3 0 1 2 1 4 4 0 0 2 
108 0 5 2 0 3 4 5 0 3 2 
109 3 2 0 1 4 3 4 1 0 0 
110 2 5 3 5 4 5 0 1 0 0 
111 0 0 0 5 0 0 0 0 0 0 
112 5 4 5 0 0 1 0 4 0 3 
113 0 0 0 5 0 0 3 1 5 3 
114 0 0 1 4 0 0 5 0 4 0 
115 3 1 0 1 0 0 3 4 0 0 
116 3 5 0 0 2 4 1 0 3 2 
117 0 4 5 1 0 5 3 0 1 1 
118 0 4 1 0 0 0 0 0 3 1 
119 4 5 0 0 3 2 3 3 4 0 
120 2 0 3 0 1 0 0 1 1 3 
121 3 2 0 3 2 1 0 0 3 0 
122 0 0 0 0 0 2 2 0 3 0 
123 0 1 0 3 0 4 0 0 0 4 
124 0 4 2 1 0 4 0 0 5 5 
125 0 0 3 5 1 0 4 0 5 0 
126 0 0 1 3 0 0 0 2 0 2 
127 4 5 0 1 0 0 5 4 0 2 
128 0 4 1 4 5 3 0 0 4 4 
129 1 2 2 0 0 2 0 0 0 2 
130 4 0 5 3 0 3 0 0 5 0 
131 5 3 2 5 5 5 2 4 0 0 
132 3 3 1 0 0 0 0 3 1 1 
133 1 0 3 1 3 0 2 5 0 4 
134 0 1 0 0 2 1 2 0 0 4 
135 0 4 2 0 1 0 0 3 4 3 
136 0 3 4 5 0 1 4 4 5 3 
137 0 0 4 4 0 5 5 4 2 0 
138 4 5 0 0 0 0 5 5 3 0 
139 0 1 0 3 4 0 0 1 5 2 
140 0 0 0 0 0 2 3 0 0 0 
141 0 2 2 3 5 1 4 0 4 0 
142 3 0 0 4 5 0 0 0 0 3 
143 2 0 0 0 2 4 0 0 5 0 
144 2 1 4 3 0 5 0 4 2 1 
145 0 0 0 0 4 0 4 4 0 2 
146 1 0 0 2 3 3 0 2 3 0 
147 3 4 1 0 4 4 0 4 1 5 
148 0 5 3 5 4 2 3 1 0 1 
149 0 0 0 2 0 4 0 1 3 0 
150 0 0 0 2 4 4 1 0 4 0 
151 3 4 3 0 0 0 0 4 0 4 
152 0 5 0 0 0 0 3 2 0 0 
153 0 0 0 2 2 5 0 0 0 0 
154 3 2 1 2 3 0 0 0 0 0 
155 0 0 5 5 0 0 0 0 4 0 
156 5 2 0 0 0 2 2 3 0 1 
157 2 1 2 5 1 0 5 0 4 0 
158 0 3 0 3 0 4 3 0 0 5 
159 0 0 0 0 0 0 4 2 0 0 
160 0 1 3 0 0 5 0 5 0 0 
161 0 0 4 0 0 0 4 3 0 3 
162 0 0 5 0 3 0 0 0 1 1 
163 0 4 2 0 1 1 3 2 3 2 
164 2 0 1 2 0 4 1 0 0 5 
165 0 5 5 0 3 3 0 4 0 0 
166 0 5 0 1 3 0 3 5 0 1 
167 2 2 0 3 0 0 1 0 5 0 
168 2 0 5 3 3 5 5 0 1 1 
169 0 0 3 0 4 4 1 0 0 1 
170 0 5 0 3 4 0 2 0 0 4 
171 4 0 0 0 2 2 0 3 0 2 
172 1 1 3 0 5 1 5 3 5 1 
173 0 0 0 0 1 0 5 3 0 0 
174 4 0 0 3 1 1 3 3 0 0 
175 3 5 3 0 0 0 4 3 0 5 
176 5 0 4 5 0 0 0 2 0 0 
177 0 2 0 0 0 5 1 4 2 5 
178 1 0 0 2 5 3 0 0 0 0 
179 0 0 1 1 4 1 0 2 2 1 
180 1 0 2 3 4 0 3 3 0 5 
181 0 1 0 3 0 0 5 5 5 0 
182 0 5 4 5 4 2 2 1 0 0 
183 0 5 0 1 0 0 2 4 0 5 
184 1 0 0 3 0 0 0 3 1 0 
185 4 2 0 0 0 2 0 2 0 5 
186 0 1 0 0 5 1 0 4 4 5 
187 1 5 0 5 0 0 2 3 0 0 
188 0 0 2 0 4 3 0 5 2 4 
189 0 3 3 0 0 0 4 0 4 0 
190 3 1 0 3 5 0 0 2 5 1 
191 4 0 0 1 0 4 0 0 3 2 
192 0 5 2 0 4 5 2 4 0 0 
193 0 3 4 3 5 0 0 4 0 0 
194 5 0 0 0 1 3 0 5 4 1 
195 5 1 2 0 1 2 5 2 2 4 
196 4 4 5 4 4 4 0 2 0 0 
197 1 1 2 1 4 1 1 3 1 5 
198 0 4 4 2 0 0 0 0 3 0 
199 0 1 2 0 5 1 0 0 2 0 
200 4 4 0 1 4 3 2 0 2 1 
201 4 3 3 1 1 2 5 1 2 2 
202 0 0 3 2 1 0 3 0 2 3 
203 4 0 0 1 0 5 5 0 5 2 
204 1 0 0 5 0 0 0 5 1 1 
205 5 1 0 5 0 5 0 0 1 5 
206 0 3 0 1 4 2 3 5 0 2 
207 1 0 2 0 5 0 1 2 0 0 
208 0 1 4 0 0 0 2 1 3 1 
209 2 2 0 1 1 5 0 1 4 0 
210 2 5 3 5 0 2 1 1 4 4 
211 0 0 3 0 2 2 3 1 1 0 
212 0 0 1 4 0 4 4 0 0 3 
213 0 3 0 0 1 1 0 2 2 0 
214 1 2 0 5 0 2 0 3 0 4 
215 0 4 4 2 3 0 4 2 2 4 
216 0 5 3 2 0 5 3 1 1 0 
217 4 2 0 3 2 0 1 4 5 2 
218 0 3 2 0 5 0 1 5 0 0 
219 4 1 1 2 2 5 5 4 0 4 
220 1 1 4 4 2 0 0 0 0 1 
221 4 3 2 3 0 2 0 5 5 0 
222 0 0 3 2 0 0 0 1 3 0 
223 3 4 3 0 1 2 2 3 0 1 
224 4 0 0 0 0 1 0 2 1 1 
225 1 2 1 0 0 0 0 0 0 1 
226 1 1 0 3 0 1 1 0 0 0 
227 0 5 0 0 0 4 2 2 0 0 
228 3 4 0 5 4 0 0 3 0 0 
229 4 4 0 2 0 3 5 4 0 5 
230 1 0 2 2 4 0 4 3 1 0 
231 2 0 1 0 2 2 0 1 0 1 
232 2 2 5 0 0 5 1 0 0 0 
233 5 4 0 3 1 0 4 4 3 1 
234 0 2 0 2 4 4 0 4 0 5 
235 0 2 3 2 2 0 5 2 4 1 
236 5 5 3 2 3 2 0 0 5 5 
237 5 4 0 5 4 1 0 0 4 3 
238 1 0 4 4 2 0 1 0 0 0 
239 0 4 3 0 0 4 4 0 5 0 
240 5 3 4 3 3 5 3 4 5 4 
241 0 2 2 1 3 0 0 2 5 1 
242 4 0 4 1 2 0 0 0 3 4 
243 0 0 4 5 5 0 1 2 2 1 
244 2 5 5 5 0 1 0 1 3 4 
245 0 0 0 4 4 0 0 4 2 0 
246 3 4 0 0 5 0 0 0 2 0 
247 0 0 2 3 0 4 0 0 0 2 
248 3 2 3 0 0 1 4 2 2 4 
249 0 0 0 3 5 4 3 5 2 2 
250 0 0 2 1 1 3 0 1 5 1 
251 0 3 1 2 3 4 2 5 4 0 
252 2 1 2 0 1 0 2 3 1 0 
253 0 0 3 1 0 0 1 4 0 0 
254 0 1 0 0 3 0 4 1 0 5 
255 4 3 5 2 0 0 5 0 0 1 
256 3 0 2 0 0 1 0 4 4 0 
257 0 3 0 2 4 2 0 0 4 1 
258 3 4 2 2 4 0 1 1 0 0 
259 4 0 2 0 5 0 2 3 5 0 
260 2 4 5 0 5 0 1 2 0 0 
261 1 0 4 3 4 0 2 0 0 0 
262 0 5 0 4 4 5 2 0 0 0 
263 5 0 3 4 0 0 4 2 0 1 
264 4 0 2 1 3 4 0 3 2 0 
265 0 2 0 4 5 5 0 2 3 0 
266 1 0 0 3 5 5 3 3 0 4 
267 2 2 1 5 0 4 3 0 0 3 
268 1 0 3 0 1 1 4 2 0 2 
269 0 0 3 0 2 0 0 0 0 3 
270 0 0 5 0 0 0 0 5 2 0 
271 5 1 3 2 0 3 5 4 2 2 
272 0 0 3 0 0 3 0 0 2 2 
273 0 5 4 2 1 5 0 0 1 0 
274 0 2 3 4 2 2 4 0 0 0 
275 3 0 0 2 0 5 0 0 0 3 
276 0 3 4 1 2 4 0 4 0 2 
277 2 0 2 2 1 0 1 2 5 2 
278 0 4 0 0 4 0 0 0 0 5 
279 1 5 0 4 3 0 4 4 5 3 
280 2 3 4 5 5 4 1 4 3 2 
281 4 3 3 0 0 2 1 0 0 5 
282 0 1 1 2 0 0 5 3 0 5 
283 0 1 2 0 0 0 1 5 0 3 
284 0 0 4 2 2 4 0 0 2 4 
285 2 1 4 0 5 2 4 2 4 0 
286 2 0 0 2 2 1 4 4 3 2 
287 4 2 4 4 0 0 5 2 5 5 
288 5 1 0 2 0 2 4 0 0 0 
289 5 0 0 0 0 0 0 0 0 0 
290 0 0 0 5 5 3 2 0 4 0 
291 0 4 0 0 3 0 0 5 0 2 
292 0 1 0 2 0 0 3 5 0 3 
293 4 1 5 2 2 1 3 4 0 2 
294 5 2 2 2 1 5 0 1 0 0 
295 3 1 0 2 4 5 2 1 3 4 
296 2 0 0 2 0 0 2 1 0 0 
297 5 3 5 4 2 4 3 4 3 2 
298 0 5 1 0 0 4 1 2 0 0 
299 0 0 5 0 5 0 3 0 5 0 
300 5 0 0 0 0 3 0 5 4 2 
301 2 3 0 2 0 0 3 0 1 1 
302 1 4 4 0 1 2 1 3 0 0 
303 1 0 5 0 0 1 0 5 4 2 
304 0 2 0 3 3 3 3 5 3 0 
305 1 4 4 1 3 0 0 3 2 4 
306 3 0 1 2 0 5 0 3 5 0 
307 0 1 0 1 0 0 0 4 4 4 
308 0 4 0 0 0 1 0 2 0 0 
309 2 4 0 5 0 3 0 0 0 5 
310 3 1 4 5 0 2 3 5 5 2 
311 3 4 5 3 3 2 2 4 2 0 
312 5 0 5 1 5 0 4 4 1 3 
313 0 0 0 0 0 2 2 0 0 2 
314 0 0 0 3 4 5 0 1 4 4 
315 2 4 0 5 0 0 4 0 0 4 
316 0 1 5 3 3 1 1 0 5 0 
317 0 3 0 5 0 3 1 1 1 0 
318 0 0 5 2 0 3 0 1 1 3 
319 3 3 3 5 0 2 1 4 2 4 
320 1 2 0 4 5 2 3 5 4 2 
321 0 3 0 2 3 3 0 2 0 0 
322 4 3 4 0 2 1 0 0 2 2 
323 4 5 0 1 0 0 5 1 4 0 
324 0 0 1 4 5 5 0 1 4 0 
325 2 1 0 1 5 4 0 1 4 5 
326 0 0 4 5 0 0 5 4 0 0 
327 2 2 0 5 4 4 1 0 5 4 
328 0 0 2 0 3 0 1 0 4 2 
329 4 4 0 0 0 0 0 0 0 3 
330 0 1 0 4 5 1 0 3 4 2 
331 2 2 2 1 2 1 4 1 0 5 
332 2 0 1 0 0 5 0 0 0 5 
333 4 3 5 0 0 1 5 4 3 0 
334 3 1 0 2 1 0 1 1 3 0 
335 5 1 5 0 0 0 3 5 0 2 
336 1 0 0 0 5 0 0 4 2 1 
337 4 4 0 3 4 5 3 0 3 3 
338 0 2 4 4 0 0 1 2 2 1 
339 0 5 2 0 4 0 0 0 0 3 
340 0 0 1 0 5 2 0 2 0 2 
341 2 0 2 2 3 0 4 0 2 0 
342 1 0 0 0 4 4 0 4 4 0 
343 4 2 3 0 4 1 5 1 1 0 
344 0 5 3 3 5 2 0 5 1 1 
345 4 3 3 2 2 0 3 2 0 5 
346 0 5 5 0 0 2 0 0 0 4 
347 4 2 2 5 4 0 4 0 0 0 
348 0 0 5 2 0 4 0 0 4 2 
349 5 0 0 0 1 3 1 4 3 0 
350 0 0 4 0 0 5 1 1 5 0 
351 0 0 0 2 2 1 2 5 0 0 
352 1 4 1 0 4 4 2 3 0 1 
353 0 1 1 4 5 0 4 5 5 0 
354 2 0 4 0 0 0 2 1 0 0 
355 5 4 3 5 5 1 0 0 2 0 
356 0 4 0 5 1 0 0 3 1 0 
357 2 4 5 2 1 0 1 0 4 2 
358 2 2 4 0 4 0 0 4 3 0 
359 4 0 2 1 1 1 3 4 4 0 
360 0 3 4 0 3 0 5 0 0 0 
361 0 3 0 0 3 3 3 0 4 0 
362 0 0 2 0 0 5 5 3 0 0 
363 3 3 2 0 0 0 3 5 4 5 
364 5 1 0 5 0 0 2 0 0 3 
365 2 0 4 2 5 2 0 0 4 0 
366 3 0 4 2 4 0 0 1 0 0 
367 1 1 1 4 4 0 5 2 0 0 
368 2 1 4 0 3 0 3 0 2 1 
369 2 2 5 0 0 0 0 3 2 3 
370 0 3 5 3 4 0 0 5 3 0 
371 3 0 0 4 0 3 0 5 4 1 
372 0 2 2 5 0 4 0 0 0 0 
373 1 3 1 0 3 2 4 5 0 4 
374 5 0 5 2 3 1 1 0 0 0 
375 0 3 3 3 3 5 3 3 0 3 
376 4 4 4 4 3 4 0 0 0 2 
377 0 0 0 0 0 0 4 0 4 5 
378 5 0 1 1 1 3 0 0 0 0 
379 0 1 4 4 3 4 0 1 3 0 
380 5 0 0 3 0 1 5 4 4 1 
381 4 0 5 4 0 0 5 1 0 2 
382 1 4 4 0 0 3 3 0 5 4 
383 5 0 0 0 0 0 5 0 0 0 
384 0 3 3 4 0 0 3 0 0 2 
385 0 3 0 5 5 0 0 0 4 0 
386 0 0 0 4 3 0 0 0 0 2 
387 5 1 0 0 3 1 5 3 1 1 
388 0 3 0 0 0 3 0 0 1 5 
389 2 1 0 3 0 0 0 4 1 0 
390 1 0 1 0 5 3 1 2 0 0 
391 0 0 0 5 0 0 1 5 1 0 
392 0 0 0 0 0 0 0 2 2 0 
393 4 0 0 0 2 1 3 1 0 0 
394 0 1 0 4 4 1 3 0 0 4 
395 5 0 4 4 5 1 0 0 4 1 
396 0 3 4 0 4 3 0 0 1 3 
397 1 0 3 4 2 5 3 0 1 5 
398 1 3 2 0 2 0 0 0 5 0 
399 1 0 5 0 2 5 4 0 0 0 
400 5 0 5 3 0 0 0 0 1 0 
401 5 0 3 0 0 2 0 1 0 0 
402 0 0 0 5 5 0 3 0 4 3 
403 0 0 3 4 2 4 4 0 2 2 
404 5 0 4 2 0 1 1 0 0 5 
405 0 0 0 5 4 0 3 3 5 0 
406 2 3 1 2 1 5 5 0 0 4 
407 1 5 2 0 0 0 5 4 1 0 
408 3 2 5 1 0 0 0 4 0 4 
409 1 3 0 0 0 2 3 4 0 1 
410 0 0 0 2 5 0 2 0 1 0 
411 3 2 0 0 2 1 3 2 0 0 
412 3 0 1 4 0 3 5 4 3 0 
413 0 5 0 0 5 4 0 5 0 0 
414 2 0 4 0 0 2 0 3 0 3 
415 0 2 0 4 3 0 0 3 2 3 
416 0 1 4 5 0 4 2 0 0 0 
417 0 2 0 1 2 0 5 0 3 5 
418 2 5 1 5 1 0 3 0 0 0 
419 3 0 0 5 0 2 1 0 1 2 
420 2 1 1 0 0 0 3 0 4 0 
421 0 5 1 1 4 0 0 5 2 1 
422 4 3 2 4 0 0 5 0 3 0 
423 3 3 0 0 0 3 0 1 1 5 
424 1 0 0 1 0 4 0 0 3 3 
425 5 4 5 0 0 5 3 4 0 0 
426 1 2 0 1 4 0 4 0 0 0 
427 1 0 4 4 1 4 2 0 4 4 
428 0 0 3 1 5 0 1 2 0 4 
429 2 2 4 1 0 0 3 4 2 1 
430 0 0 0 2 4 1 0 0 4 0 
431 0 0 0 0 0 5 0 3 3 2 
432 0 0 4 1 0 0 1 0 5 0 
433 0 3 4 0 0 5 5 4 3 5 
434 0 2 4 0 2 0 1 0 4 0 
435 1 5 2 0 2 3 3 4 0 2 
436 0 5 0 0 0 5 0 0 4 0 
437 4 5 0 0 1 4 3 5 2 5 
438 0 5 0 5 1 0 4 0 1 0 
439 4 0 1 1 0 4 3 2 1 3 
440 0 0 0 3 0 4 1 3 0 0 
441 0 2 0 5 5 4 4 2 5 5 
442 4 0 0 4 5 4 4 5 4 5 
443 0 5 0 2 4 0 4 1 2 5 
444 4 0 5 2 0 0 3 0 0 1 
445 3 4 3 0 5 3 4 2 5 1 
446 0 3 5 0 5 0 1 0 2 0 
447 4 0 0 2 0 0 4 0 5 0 
448 1 4 0 0 2 1 0 2 0 0 
449 2 0 1 5 0 0 4 0 0 1 
450 3 4 4 0 5 0 3 3 2 3 
451 2 2 5 1 1 0 5 0 0 0 
452 5 5 3 0 0 1 4 0 0 2 
453 0 4 2 5 4 0 5 0 0 0 
454 4 1 2 2 3 0 3 2 0 2 
455 5 4 0 5 0 5 0 0 0 0 
456 0 0 0 1 3 0 4 2 0 4 
457 0 0 0 4 2 0 0 0 0 0 
458 5 4 1 0 5 1 1 0 0 0 
459 3 0 0 3 1 0 2 2 2 1 
460 0 4 0 3 4 1 5 5 0 0 
461 2 0 2 1 3 4 3 3 0 0 
462 3 5 0 0 3 4 0 3 1 0 
463 4 4 4 0 1 0 1 5 0 0 
464 0 2 0 5 0 2 1 3 0 0 
465 0 0 4 0 1 0 0 2 3 0 
466 1 0 0 3 2 4 0 3 0 4 
467 1 4 0 2 1 0 0 0 0 0 
468 0 1 2 5 4 0 5 5 0 0 
469 0 3 1 3 4 0 2 0 0 3 
470 0 0 4 2 1 2 3 0 3 0 
471 0 0 4 0 5 5 3 2 2 0 
472 0 4 0 5 0 3 1 2 0 4 
473 2 2 0 0 0 1 0 2 0 2 
474 0 3 0 0 2 5 0 1 5 2 
475 0 0 0 1 0 3 5 5 0 3 
476 3 2 0 0 2 0 0 4 0 0 
477 4 2 3 5 0 0 5 3 2 4 
478 0 4 1 0 0 0 3 4 5 1 
479 2 5 0 0 1 2 4 1 0 3 
480 0 3 4 0 0 5 2 3 2 1 
481 1 5 0 5 0 3 2 3 2 0 
482 3 0 4 0 1 4 0 0 0 2 
483 4 0 3 0 0 0 2 0 3 4 
484 0 0 0 5 5 0 0 0 2 0 
485 1 4 2 4 4 4 2 0 1 4 
486 5 4 5 1 1 0 0 2 1 1 
487 5 4 2 0 5 0 0 0 0 5 
488 2 3 5 2 0 5 0 1 5 0 
489 0 0 0 4 0 4 0 5 1 1 
490 4 1 2 1 0 5 4 2 0 0 
491 0 0 0 4 5 5 2 0 0 1 
492 0 3 0 0 1 0 1 3 1 0 
493 0 4 2 0 5 0 1 0 0 3 
494 0 3 5 3 1 4 4 4 1 5 
495 1 3 0 4 2 4 0 2 2 0 
496 0 0 0 3 4 0 3 2 0 0 
497 0 5 4 0 2 2 0 2 0 1 
498 0 3 5 3 0 0 5 0 1 0 
499 0 2 0 4 1 2 5 0 3 1 
500 5 2 0 1 0 0 1 0 5 5 
501 2 0 4 0 0 5 1 0 3 4 
502 0 3 4 1 2 5 0 0 5 0 
503 0 1 0 0 0 4 5 0 0 2 
504 2 5 4 1 0 0 5 3 2 5 
505 3 2 0 4 3 0 1 5 2 4 
506 0 0 3 0 0 4 4 0 4 0 
507 5 3 3 0 3 1 3 0 0 4 
508 0 3 1 5 3 1 0 0 0 3 
509 3 0 0 4 5 0 0 4 2 0 
510 0 4 4 0 3 3 2 1 2 0 
511 0 1 1 2 0 2 0 2 0 0 
512 0 4 1 2 1 0 5 0 0 3 
513 0 1 2 4 0 2 2 4 0 2 
514 0 1 0 2 0 0 3 5 0 0 
515 0 2 1 0 1 4 5 1 5 3 
516 3 0 0 0 0 0 2 2 0 3 
517 2 0 0 4 2 3 0 0 0 5 
518 1 4 0 4 2 1 0 0 0 3 
519 0 0 4 1 4 3 0 0 3 5 
520 1 5 0 0 0 1 0 4 0 0 
521 3 3 0 0 5 5 0 0 1 3 
522 4 0 3 0 0 0 0 0 0 3 
523 5 4 0 1 3 0 3 0 2 1 
524 0 0 1 5 0 0 0 4 0 0 
525 4 5 1 0 2 0 5 0 0 0 
526 3 0 0 1 3 0 0 5 0 2 
527 4 3 4 0 2 4 4 3 1 5 
528 5 2 5 0 3 2 3 0 0 2 
529 3 3 0 3 0 1 1 3 3 1 
530 0 4 3 3 2 0 1 0 3 0 
531 1 3 0 0 0 5 0 0 1 4 
532 1 2 0 5 2 2 3 0 3 3 
533 2 1 0 0 2 3 0 3 4 3 
534 1 3 0 1 4 4 0 0 0 2 
535 3 0 1 5 0 1 5 0 0 0 
536 5 5 4 5 5 0 0 1 1 2 
537 0 0 2 4 2 0 0 3 4 2 
538 5 0 5 0 0 5 4 5 1 0 
539 2 0 0 1 5 5 5 5 2 5 
540 4 0 1 0 0 5 5 1 0 1 
541 2 3 4 3 5 2 0 5 0 4 
542 1 0 2 0 0 4 4 0 1 3 
543 5 0 0 0 0 0 5 3 0 2 
544 2 0 0 3 3 0 0 3 0 0 
545 0 0 2 2 4 0 0 1 0 0 
546 3 2 0 2 0 0 5 0 1 1 
547 0 0 0 5 1 2 3 0 1 0 
548 0 0 2 0 0 5 3 0 3 5 
549 3 0 5 0 0 3 0 0 2 4 
550 0 0 2 0 5 0 5 0 0 5 
551 2 1 4 0 4 0 0 5 0 5 
552 0 0 0 3 0 3 4 0 0 1 
553 1 2 4 0 0 0 3 0 2 0 
554 3 0 0 0 4 0 0 0 2 0 
555 4 0 1 1 0 2 5 1 4 0 
556 0 1 0 0 5 4 5 1 4 1 
557 0 4 0 0 4 0 3 0 1 3 
558 0 0 0 0 2 0 5 0 0 0 
559 5 3 4 3 2 4 2 0 0 3 
560 4 1 5 0 1 5 0 3 1 5 
561 0 0 0 1 5 2 3 4 0 0 
562 0 0 0 0 2 4 1 3 3 0 
563 0 2 2 0 0 0 4 0 1 0 
564 5 0 5 2 0 2 0 0 0 3 
565 5 3 5 5 2 0 2 1 4 2 
566 3 0 0 0 4 0 0 5 0 0 
567 0 0 2 3 5 5 0 2 1 4 
568 5 4 0 3 0 4 4 2 1 2 
569 5 0 0 4 0 2 0 4 4 2 
570 2 1 1 0 0 2 2 0 0 3 
571 4 5 3 4 2 0 0 0 0 4 
572 0 0 3 0 4 0 1 0 4 4 
573 0 2 3 4 0 0 1 0 1 4 
574 0 1 3 3 3 2 0 0 0 5 
575 3 0 0 2 1 1 0 0 5 2 
576 0 0 0 3 3 0 0 0 4 4 
577 4 0 0 2 0 2 0 0 3 1 
578 3 4 0 3 0 2 4 3 1 1 
579 0 0 0 0 0 1 0 2 1 4 
580 0 3 0 0 4 4 3 0 3 5 
581 3 0 0 5 1 0 0 0 5 4 
582 1 5 0 0 0 0 2 3 0 2 
583 2 0 3 0 3 4 0 4 5 0 
584 0 1 0 0 5 0 3 0 1 0 
585 3 2 1 3 1 0 1 2 4 3 
586 3 2 3 5 1 3 4 0 5 0 
587 2 0 0 4 1 4 0 1 0 0 
588 4 1 1 4 5 1 0 0 2 3 
589 0 0 0 0 0 5 3 0 4 0 
590 2 4 1 2 1 0 4 0 1 3 
591 5 2 0 0 4 2 4 0 4 4 
592 0 3 2 3 0 5 0 0 0 0 
593 5 3 0 4 0 2 4 0 0 5 
594 0 0 2 0 3 2 2 2 4 2 
595 1 0 0 4 2 5 4 0 3 0 
596 1 2 5 5 0 2 0 0 3 5 
597 4 0 0 5 0 5 0 4 2 0 
598 5 5 4 0 4 2 4 5 1 2 
599 1 0 2 2 3 4 0 0 0 0 
600 0 1 0 0 2 2 5 4 1 1 
601 2 0 3 3 4 4 2 0 5 5 
602 2 2 0 3 0 0 0 0 0 0 
603 1 4 1 0 2 1 1 0 0 4 
604 2 1 0 0 2 5 2 0 0 0 
605 0 0 5 0 0 0 0 3 3 4 
606 0 1 0 0 0 3 0 0 4 2 
607 0 1 0 5 5 4 0 4 5 4 
608 1 0 0 2 0 5 0 0 1 3 
609 4 0 0 1 1 0 0 5 2 1 
610 0 3 0 0 0 0 4 0 0 0 
611 0 2 3 0 0 1 1 4 5 3 
612 5 0 0 2 0 0 0 0 4 2 
613 0 4 2 0 0 2 1 5 2 0 
614 0 0 4 0 0 2 4 2 1 0 
615 5 1 1 2 1 0 0 2 0 0 
616 3 3 5 0 1 3 0 4 0 3 
617 2 1 0 1 0 0 1 0 2 0 
618 5 0 0 2 2 1 4 0 2 4 
619 0 3 0 0 0 2 0 5 5 0 
620 3 2 5 0 0 2 0 5 0 0 
621 4 0 0 1 5 2 5 0 4 4 
622 0 0 0 0 0 3 3 0 0 0 
623 1 5 3 0 3 5 0 0 0 5 
624 4 1 0 0 1 4 2 0 2 0 
625 3 2 5 4 1 5 0 4 0 1 
626 3 3 0 0 0 2 0 5 3 4 
627 0 2 5 3 0 3 0 2 0 0 
628 0 0 0 3 3 0 0 3 0 4 
629 4 0 2 3 5 0 0 1 0 0 
630 1 2 1 0 0 4 2 3 5 0 
631 2 0 5 0 5 0 3 3 1 4 
632 0 0 2 5 0 2 0 3 5 4 
633 1 3 2 5 4 5 2 0 0 1 
634 5 5 0 0 3 0 1 3 0 1 
635 1 0 1 3 0 1 0 0 4 0 
636 4 0 4 0 4 0 0 1 0 1 
637 2 0 5 1 0 0 0 0 5 1 
638 0 5 2 0 2 0 3 4 0 1 
639 2 2 3 3 0 0 0 0 2 0 
640 1 3 0 0 0 0 1 3 4 1 
641 2 0 0 4 5 3 0 0 2 3 
642 0 2 2 1 5 5 4 5 2 5 
643 4 0 3 5 2 1 0 0 4 0 
644 0 5 0 0 0 5 2 0 2 5 
645 1 1 3 0 0 0 0 0 0 4 
646 2 0 3 4 0 0 1 0 5 0 
647 3 3 0 0 0 2 0 0 1 0 
648 0 0 0 0 2 0 0 4 4 1 
649 0 2 0 1 0 0 1 0 0 0 
650 2 3 3 1 4 5 0 5 0 4 
651 0 0 1 4 5 2 5 0 4 1 
652 0 2 0 5 1 4 0 4 1 3 
653 2 0 4 2 5 4 0 4 0 1 
654 0 3 0 1 0 3 0 4 0 3 
655 2 0 0 5 4 0 0 5 0 4 
656 1 0 0 0 0 2 3 0 1 4 
657 1 1 4 0 0 3 1 2 0 2 
658 1 3 1 4 4 5 5 0 0 3 
659 5 4 0 0 0 2 4 3 4 0 
660 0 0 0 0 0 1 0 5 0 0 
661 4 1 3 0 3 0 2 2 3 2 
662 0 2 2 3 5 0 2 3 2 3 
663 4 0 1 0 5 4 0 0 0 4 
664 0 0 0 5 2 2 0 3 3 0 
665 4 0 5 1 0 0 5 2 5 0 
666 0 0 2 5 4 5 3 4 0 0 
667 0 4 5 0 0 4 0 1 2 0 
668 1 4 0 0 0 5 0 4 0 0 
669 1 2 5 1 0 0 0 0 0 3 
670 3 0 3 0 4 0 0 0 3 3 
671 3 5 5 2 0 0 0 0 0 0 
672 3 3 0 0 2 3 3 0 5 3 
673 0 0 0 0 5 5 0 3 0 5 
674 0 0 4 0 3 1 3 0 2 0 
675 5 3 0 0 4 0 2 4 3 2 
676 0 0 5 1 2 5 0 1 5 1 
677 4 0 0 5 0 1 0 3 5 0 
678 0 0 0 0 0 0 3 5 0 5 
679 0 2 1 2 3 0 0 0 0 2 
680 1 0 0 0 2 1 3 2 1 2 
681 2 5 4 4 2 0 0 5 0 0 
682 3 1 0 0 0 0 0 1 0 4 
683 5 3 1 5 0 0 0 0 0 0 
684 0 2 5 0 0 2 3 0 0 2 
685 0 4 3 0 3 4 5 0 0 2 
686 1 2 1 0 0 0 5 0 1 4 
687 3 2 5 4 0 3 0 0 3 0 
688 0 0 2 0 0 1 2 0 0 2 
689 3 1 3 0 4 5 4 1 0 0 
690 5 0 5 4 4 1 1 4 0 4 
691 1 2 4 3 1 0 4 5 2 2 
692 2 2 0 3 0 4 5 2 1 0 
693 3 0 0 4 0 0 3 5 1 0 
694 0 1 0 0 3 5 4 0 3 2 
695 0 0 0 5 5 3 4 1 4 2 
696 0 3 2 5 1 2 3 3 1 5 
697 0 0 0 1 0 0 0 0 0 5 
698 0 2 2 4 4 3 0 1 3 5 
699 0 0 0 0 0 4 0 0 3 0 
700 5 0 1 1 0 0 1 0 2 3 
701 3 3 3 0 0 5 5 0 0 4 
702 4 4 3 5 0 0 0 0 0 2 
703 0 0 3 0 5 5 0 0 3 3 
704 1 3 0 1 5 1 4 0 3 4 
705 0 0 0 4 4 1 1 0 3 0 
706 2 3 3 1 4 1 0 3 1 0 
707 3 0 0 5 0 0 3 0 0 3 
708 5 0 0 0 4 0 0 1 3 2 
709 4 5 3 2 2 4 0 1 3 5 
710 2 3 5 3 0 0 0 0 0 2 
711 3 0 5 4 2 0 0 3 0 1 
712 0 0 0 2 0 0 0 0 1 3 
713 3 3 0 4 4 0 3 1 0 1 
714 0 5 1 4 4 2 1 4 5 0 
715 3 0 0 0 4 1 3 0 5 5 
716 3 5 1 0 4 0 1 0 4 3 
717 3 2 2 3 0 3 5 2 1 4 
718 3 1 0 2 5 1 0 1 1 3 
719 4 4 1 1 0 0 0 0 3 4 
720 0 5 0 2 3 0 4 0 0 0 
721 1 5 5 1 0 5 4 5 2 3 
722 5 0 0 0 4 5 0 3 4 2 
723 5 1 4 0 4 5 1 5 3 5 
724 2 0 0 0 1 4 4 4 4 1 
725 0 4 3 1 4 4 0 0 5 0 
726 5 3 5 0 2 0 1 0 1 1 
727 0 0 0 0 1 0 0 2 2 5 
728 2 2 1 5 5 0 0 0 0 0 
729 1 0 0 5 5 4 0 5 0 0 
730 0 5 3 5 4 0 0 4 5 2 
731 2 0 1 4 1 3 5 0 3 5 
732 0 0 0 0 3 0 0 5 0 5 
733 5 4 0 2 0 5 3 5 3 2 
734 0 0 5 5 5 1 3 3 4 0 
735 5 4 0 3 0 4 2 0 5 0 
736 4 2 0 3 0 3 2 0 0 0 
737 2 3 3 2 2 0 0 0 4 0 
738 1 2 0 3 0 3 0 3 0 4 
739 1 0 5 2 0 4 2 4 0 4 
740 0 4 4 2 4 5 0 0 0 3 
741 2 0 5 0 0 0 1 4 5 1 
742 3 1 0 4 0 2 0 0 2 0 
743 0 5 2 5 0 0 0 5 0 0 
744 3 2 5 2 0 4 5 5 0 3 
745 0 5 0 4 0 2 3 1 0 1 
746 0 4 4 5 0 2 2 0 1 3 
747 0 0 1 1 0 3 0 3 0 2 
748 2 0 2 2 0 0 0 0 0 0 
749 0 0 2 0 5 5 0 5 0 0 
750 3 0 0 0 0 1 1 3 1 0 
751 0 5 0 0 1 5 3 0 0 0 
752 4 0 3 0 3 1 4 4 4 4 
753 4 1 0 0 4 1 0 3 5 3 
754 0 3 5 2 1 4 0 4 0 0 
755 4 2 0 1 0 4 0 5 4 4 
756 4 4 4 1 0 0 2 3 4 0 
757 4 0 0 5 0 2 5 3 1 4 
758 4 3 0 0 0 2 4 5 0 3 
759 1 0 0 5 1 0 0 3 3 0 
760 1 3 1 1 5 5 0 0 1 4 
761 2 3 0 0 0 0 0 3 5 0 
762 0 1 0 3 0 0 5 2 3 1 
763 0 4 0 1 3 1 5 4 0 0 
764 1 2 0 3 4 0 4 5 0 1 
765 1 4 5 0 1 0 5 4 0 0 
766 5 3 2 4 0 5 1 0 0 5 
767 3 2 4 3 2 0 0 0 0 1 
768 4 4 5 0 0 0 0 0 4 2 
769 5 4 0 0 1 5 0 0 4 0 
770 0 1 0 1 0 2 2 4 0 0 
771 0 2 0 3 0 0 0 0 1 0 
772 1 1 0 2 5 2 1 3 2 4 
773 2 5 5 3 1 0 1 0 1 1 
774 0 5 5 5 4 4 4 0 0 5 
775 2 1 0 4 0 0 2 1 0 5 
776 5 5 0 0 4 0 0 3 0 1 
777 3 0 4 0 0 5 0 1 1 5 
778 0 2 0 0 3 4 0 2 0 5 
779 0 4 4 0 4 1 3 5 1 5 
780 0 1 0 2 1 0 3 2 1 2 
781 1 4 4 1 3 4 3 4 0 0 
782 4 0 1 2 0 0 0 0 0 0 
783 0 0 0 0 5 0 1 5 0 0 
784 0 1 4 3 0 0 0 1 4 0 
785 0 0 0 1 4 5 0 3 3 0 
786 4 0 3 1 5 2 0 0 3 0 
787 3 1 3 2 4 0 5 1 1 0 
788 0 0 0 2 0 1 0 5 0 0 
789 1 5 0 4 0 2 0 3 5 0 
790 4 5 0 0 0 4 0 1 3 0 
791 2 0 4 2 0 1 0 0 0 3 
792 2 3 0 3 0 1 4 0 0 0 
793 4 3 0 0 0 4 0 4 1 3 
794 0 0 0 5 0 1 2 3 0 2 
795 1 2 1 1 0 4 3 3 1 1 
796 0 1 3 0 1 0 0 3 3 0 
797 3 0 0 0 2 1 0 0 0 1 
798 0 5 0 0 2 0 4 0 0 0 
799 5 0 2 2 3 0 0 4 0 4 
800 3 0 0 0 4 0 0 2 1 5 
801 20 0 0 0 0 0 0 0 0 0 
802 0 20 0 0 0 0 0 0 0 0 
803 0 0 20 0 0 0 0 0 0 0 
804 0 0 0 20 0 0 0 0 0 0 
805 0 0 0 0 20 0 0 0 0 0 
806 0 0 0 0 0 20 0 0 0 0 
807 0 0 0 0 0 0 20 0 0 0 
808 0 0 0 0 0 0 0 20 0 0 
809 0 0 0 0 0 0 0 0 20 0 
810 0 0 0 0 0 0 0 0 0 20 
MDEPOT_SECTION
801 802 803 804 805 806 807 808 809 810 
EOF
