TYPE: HDVRPSV
DEMAND_DIMENSION: 15
DIMENSION: 1515
DEPOT_NUMBERS: 15
EDGE_WEIGHT_TYPE: EUC_2D
MCAPACITY: 
1 20 20 20 20 20 20 20 20 20 20 20 20 20 20 20 
NODE_COORD_SECTION
1 1846.93 1154.62
2 1119.65 1408.97
3 148.8 1804.08
4 890.65 930.25
5 1541.91 736.19
6 1065.68 1143.55
7 33.8 562.36
8 1631.25 1520.48
9 70.87 384.17
10 715.08 961.92
11 449.96 438.73
12 1555.71 1080.14
13 426.08 1235.45
14 119.43 1885.43
15 565.96 879.3
16 1801.99 1110.84
17 438.0 1199.08
18 770.6 993.42
19 700.58 445.84
20 877.99 903.37
21 830.82 1116.71
22 1889.17 544.36
23 858.02 1846.49
24 1035.41 275.55
25 1851.1 58.23
26 172.46 1833.98
27 1606.1 17.43
28 1626.48 49.58
29 1116.51 158.72
30 658.56 578.7
31 1678.81 399.26
32 1511.47 44.66
33 1097.42 186.94
34 742.91 480.27
35 1168.65 1866.38
36 1065.2 933.13
37 230.23 1824.78
38 973.08 1141.91
39 1897.15 1514.67
40 16.79 1749.55
41 773.83 1240.7
42 1148.3 84.14
43 350.55 195.71
44 1847.99 1878.97
45 1356.36 296.91
46 633.15 1439.49
47 780.07 1693.78
48 514.84 1134.07
49 789.29 1340.1
50 725.3 1716.46
51 953.17 1705.58
52 267.47 1388.02
53 627.37 1938.51
54 1419.34 1472.76
55 769.61 1841.75
56 130.16 396.8
57 105.47 357.9
58 18.9 881.82
59 1533.4 1531.24
60 1253.89 1674.29
61 571.81 1900.9
62 382.65 124.12
63 690.95 1882.79
64 1908.99 709.32
65 144.18 1496.49
66 216.69 733.33
67 1015.1 1939.49
68 1630.96 574.08
69 1641.94 426.37
70 699.38 1384.54
71 1662.07 676.89
72 1601.76 703.2
73 963.14 617.13
74 667.62 1818.16
75 421.97 732.58
76 1476.58 1832.12
77 882.95 618.24
78 1395.48 1943.79
79 187.95 58.0
80 1414.35 1266.11
81 468.9 1715.4
82 146.91 1224.52
83 1377.08 1407.2
84 1520.97 195.83
85 1677.78 1867.0
86 738.77 815.63
87 351.06 1284.32
88 1702.35 229.22
89 1433.12 453.07
90 1746.03 1344.16
91 1071.66 529.18
92 988.6 1510.37
93 374.78 1115.75
94 155.27 1492.25
95 1621.54 31.31
96 1616.7 1454.11
97 1327.34 88.58
98 982.58 1635.68
99 1378.23 1520.67
100 1293.48 6.99
101 1775.89 1954.98
102 1983.7 176.13
103 82.54 1978.5
104 450.92 1422.63
105 1922.26 1997.01
106 751.85 1661.06
107 1923.56 655.17
108 1677.75 1987.99
109 541.34 449.34
110 1899.53 436.67
111 821.64 1377.36
112 1347.61 694.72
113 1068.78 458.19
114 1105.12 1285.2
115 770.7 1384.93
116 1142.42 1060.54
117 1798.56 1731.55
118 1901.38 1509.34
119 109.7 334.0
120 1788.19 1759.22
121 419.52 1013.41
122 727.54 199.41
123 961.09 494.52
124 1650.2 190.39
125 1929.01 82.77
126 1129.85 776.93
127 569.65 734.79
128 1961.25 1377.03
129 989.34 283.89
130 821.46 1751.89
131 137.89 1015.9
132 1007.43 793.61
133 723.97 1628.74
134 1171.75 344.36
135 1220.6 931.12
136 1646.17 1321.13
137 436.69 739.33
138 461.26 336.9
139 1657.91 1269.76
140 1240.03 475.89
141 352.92 574.23
142 171.46 139.5
143 917.81 1742.73
144 1293.93 1720.11
145 415.86 1035.43
146 298.03 125.73
147 717.66 128.19
148 768.38 1465.09
149 40.18 886.01
150 1824.93 449.74
151 118.98 801.47
152 1360.14 54.51
153 1553.83 1687.57
154 1669.16 1960.78
155 791.62 607.94
156 1441.33 1412.12
157 1706.95 417.09
158 1092.18 576.5
159 1577.58 332.57
160 510.35 837.63
161 1885.2 1531.41
162 340.44 1279.92
163 1285.94 573.51
164 196.71 1886.79
165 1550.02 235.52
166 586.48 1090.7
167 1616.53 1860.69
168 89.23 709.75
169 1803.24 654.06
170 1647.95 781.66
171 292.78 418.01
172 492.44 1747.38
173 88.06 105.41
174 43.55 1333.99
175 1809.41 162.17
176 1337.31 1493.49
177 963.48 1642.2
178 1428.08 1112.27
179 917.06 668.71
180 120.71 302.21
181 1975.37 1373.01
182 423.18 1656.18
183 773.37 314.87
184 420.75 1140.58
185 1933.91 1005.17
186 1487.49 1685.57
187 1359.05 1152.57
188 1485.72 1073.33
189 1685.32 85.11
190 440.75 1193.82
191 1985.39 388.46
192 511.76 1977.53
193 1885.56 6.11
194 1416.75 1677.66
195 1099.24 1041.77
196 447.53 39.9
197 1268.5 1846.46
198 210.59 1038.16
199 1349.92 1538.81
200 1222.37 1569.73
201 1363.56 1765.1
202 1344.15 936.08
203 1212.38 1503.36
204 1208.6 928.68
205 175.0 346.51
206 932.97 1165.99
207 1401.07 1679.85
208 1340.88 1184.43
209 1881.58 471.84
210 534.76 871.71
211 203.85 182.45
212 1493.95 1805.25
213 793.66 15.82
214 1517.21 953.66
215 437.34 1478.79
216 1011.58 533.28
217 1732.11 261.72
218 748.63 42.17
219 1260.28 1702.95
220 1552.72 1098.24
221 801.44 194.38
222 83.34 354.0
223 1263.92 469.94
224 848.14 1309.74
225 793.55 1137.61
226 951.24 1993.98
227 532.54 925.18
228 151.74 1756.69
229 741.0 1011.78
230 470.4 305.62
231 1537.41 438.78
232 1086.22 1734.97
233 1437.35 195.65
234 1651.42 414.44
235 1106.28 1485.1
236 406.9 927.88
237 1502.04 543.93
238 480.74 1681.92
239 1306.88 763.09
240 1646.73 473.94
241 687.98 95.11
242 1483.56 1820.43
243 895.44 886.22
244 1011.5 909.81
245 297.19 1552.22
246 1465.52 977.75
247 1197.07 172.78
248 914.96 786.66
249 1296.49 1562.29
250 745.81 1185.06
251 1571.41 1846.92
252 435.71 410.5
253 1018.16 342.41
254 1842.84 74.11
255 521.91 319.5
256 1192.52 1552.54
257 62.7 877.82
258 1546.46 1489.61
259 1905.04 1002.01
260 1955.2 1970.53
261 1810.72 1643.57
262 1989.72 476.85
263 431.92 1867.3
264 943.61 152.58
265 1698.19 1334.52
266 1335.89 1587.45
267 1520.37 739.72
268 1838.54 1508.86
269 828.34 522.2
270 381.06 747.94
271 728.66 1651.08
272 1320.55 409.91
273 1444.35 598.38
274 1918.61 946.24
275 458.19 385.34
276 643.93 102.16
277 1322.9 868.03
278 1964.82 900.0
279 1776.54 1557.31
280 1592.83 1696.85
281 1809.23 1539.24
282 1596.88 100.01
283 466.91 350.65
284 1170.76 1614.08
285 1212.18 1688.86
286 1945.58 524.92
287 473.26 1030.1
288 671.84 1416.49
289 1785.44 1788.64
290 266.64 1942.87
291 446.58 1299.6
292 1129.87 1259.43
293 215.83 1943.05
294 769.34 1762.65
295 593.86 515.64
296 446.88 1404.49
297 537.76 1604.04
298 72.21 400.25
299 221.33 905.84
300 1484.15 1292.55
301 630.69 1612.33
302 157.34 1529.41
303 727.86 355.49
304 40.8 40.79
305 401.26 713.37
306 854.32 944.32
307 1217.35 1055.0
308 1367.18 1105.35
309 924.5 1417.46
310 1478.94 1686.95
311 454.55 1362.7
312 977.66 339.39
313 129.85 1618.69
314 714.84 1064.69
315 1155.93 783.59
316 1219.49 587.04
317 494.74 1179.12
318 515.39 166.18
319 202.73 1684.73
320 294.45 1583.35
321 743.31 580.24
322 1475.17 680.14
323 1551.08 407.75
324 1824.09 814.82
325 767.36 1081.61
326 1388.99 129.41
327 37.63 619.81
328 1496.83 537.57
329 1096.18 1145.72
330 683.21 1434.03
331 850.04 1502.67
332 906.92 1813.03
333 316.26 899.76
334 1928.09 5.22
335 360.04 398.05
336 1279.29 22.42
337 121.28 457.21
338 783.71 1745.47
339 384.67 899.1
340 1514.85 1129.15
341 1295.02 598.21
342 1626.54 1438.36
343 1363.57 1251.35
344 1012.61 701.72
345 651.89 1954.43
346 83.47 1212.08
347 1526.37 706.68
348 547.39 476.16
349 216.85 1461.61
350 240.83 263.51
351 1213.02 1269.19
352 1835.93 425.73
353 311.94 742.74
354 1144.16 1023.75
355 1001.94 672.94
356 1354.2 1501.28
357 1992.6 789.79
358 173.02 1942.65
359 652.46 245.89
360 1972.0 208.45
361 1730.19 362.49
362 1688.65 1974.38
363 1729.73 697.62
364 1161.82 361.61
365 601.24 1755.64
366 749.29 939.37
367 448.65 1851.91
368 218.8 1237.96
369 864.24 1729.86
370 1346.44 247.43
371 1521.12 1929.87
372 1982.65 1805.4
373 1151.25 787.36
374 745.74 250.17
375 51.31 641.74
376 199.43 1384.14
377 448.03 199.65
378 697.91 1167.01
379 1547.77 1927.96
380 1399.8 1518.55
381 869.94 104.18
382 398.08 393.25
383 1457.4 1217.68
384 289.2 114.22
385 591.01 1069.52
386 1395.93 1613.04
387 688.98 1764.02
388 853.85 901.73
389 97.06 787.91
390 1144.29 1298.25
391 354.06 1215.86
392 648.54 1142.58
393 1131.64 371.31
394 1839.79 383.82
395 1394.17 772.03
396 1062.36 1988.44
397 434.86 1216.3
398 361.76 741.2
399 1765.12 614.54
400 211.98 594.78
401 495.91 1773.13
402 675.46 626.02
403 1605.6 456.09
404 1677.03 425.94
405 1562.66 758.4
406 893.88 349.8
407 597.42 477.99
408 1951.75 572.9
409 1192.38 436.11
410 617.77 1017.94
411 1539.24 961.39
412 1837.22 1979.87
413 1053.91 1254.65
414 606.62 865.69
415 833.97 1925.57
416 659.75 1837.62
417 1485.98 53.09
418 1936.35 1228.35
419 1912.76 606.08
420 74.36 319.01
421 829.32 897.2
422 1950.63 763.16
423 1014.5 1946.84
424 1741.19 197.45
425 1538.41 1242.21
426 1165.57 1143.73
427 308.36 302.93
428 1658.0 1530.75
429 132.94 1100.6
430 941.46 1921.19
431 1918.83 236.18
432 155.13 602.87
433 129.27 1473.14
434 166.61 1725.18
435 1683.89 497.94
436 614.03 1601.84
437 1106.58 572.88
438 199.0 1682.21
439 1867.99 267.56
440 1616.14 1455.88
441 1795.5 485.57
442 311.5 527.3
443 936.52 1842.83
444 1994.4 1682.29
445 463.97 1940.56
446 367.36 1821.95
447 1943.81 1489.07
448 1895.08 1434.18
449 523.99 503.13
450 589.66 806.42
451 1204.62 62.42
452 1678.16 903.45
453 1902.25 290.45
454 309.02 1197.58
455 1386.08 1218.56
456 1829.08 1530.44
457 960.67 1958.68
458 900.41 390.38
459 1954.19 203.63
460 754.03 1570.23
461 1289.99 387.96
462 871.28 1041.89
463 347.66 905.26
464 1716.89 1651.1
465 1313.85 1654.61
466 448.99 802.65
467 7.01 1498.81
468 669.71 1834.33
469 1171.83 1911.31
470 1276.49 1714.24
471 896.6 1190.04
472 1823.75 1462.05
473 1878.35 1834.72
474 1369.02 882.67
475 572.68 720.9
476 501.48 1073.33
477 273.99 1346.89
478 1700.52 306.02
479 864.92 1142.28
480 1182.77 1748.6
481 715.23 1430.66
482 338.01 490.25
483 1532.61 662.63
484 1839.08 1674.7
485 129.92 1509.73
486 918.1 1807.75
487 172.86 1607.48
488 334.38 1730.1
489 960.93 597.17
490 1615.87 1024.2
491 1678.29 1209.57
492 763.46 790.25
493 1548.62 1652.04
494 904.89 312.55
495 1406.0 1177.74
496 90.05 934.92
497 610.94 1695.58
498 287.33 327.11
499 616.55 1132.76
500 1272.57 541.11
501 918.04 331.91
502 1280.59 1273.87
503 763.05 1410.7
504 125.96 221.71
505 378.55 924.77
506 1739.48 1949.28
507 1687.13 980.78
508 293.95 926.22
509 642.66 1500.9
510 883.36 770.31
511 1741.48 1029.86
512 1732.22 1511.23
513 948.02 264.12
514 1796.21 1535.61
515 293.63 1007.6
516 1160.07 1436.26
517 1693.96 347.99
518 1707.59 974.19
519 505.82 1023.4
520 1170.48 1358.88
521 519.82 1626.35
522 732.76 556.87
523 321.35 1560.18
524 664.73 740.28
525 1580.15 1152.91
526 1012.98 1096.79
527 314.27 1886.3
528 355.68 846.45
529 826.94 228.61
530 1344.4 1847.85
531 1882.16 1917.49
532 1374.96 785.29
533 1528.62 355.51
534 482.75 86.57
535 846.5 612.06
536 1179.25 151.61
537 593.27 947.41
538 1763.97 1167.98
539 1543.38 1142.47
540 1189.6 1442.82
541 885.02 1376.32
542 1273.16 1584.73
543 1373.87 713.12
544 174.26 1468.57
545 786.43 237.73
546 113.98 401.41
547 1451.81 221.58
548 879.67 175.27
549 1000.05 1269.47
550 1568.68 1059.68
551 282.75 408.5
552 208.7 214.4
553 1463.07 822.64
554 183.5 1116.97
555 326.87 1986.79
556 1262.71 112.61
557 416.96 1719.25
558 1587.46 1212.9
559 749.24 1078.64
560 1540.59 385.24
561 396.82 728.62
562 1359.58 620.32
563 1834.28 883.47
564 316.09 1691.11
565 549.22 597.71
566 1394.86 1585.21
567 1178.6 1911.51
568 316.53 672.3
569 1053.33 128.18
570 1377.53 1831.12
571 1295.31 1690.58
572 130.36 1777.78
573 136.09 857.83
574 832.5 1718.56
575 694.8 1113.23
576 229.71 1408.2
577 215.59 1527.46
578 1261.33 332.38
579 1188.23 101.86
580 1224.66 21.28
581 1706.0 1027.77
582 1829.24 608.44
583 1430.67 860.44
584 477.19 1687.72
585 1010.85 664.89
586 929.11 0.75
587 941.74 728.13
588 795.47 1970.66
589 1107.25 1786.26
590 282.33 450.99
591 1759.46 798.68
592 400.6 1456.16
593 1645.14 503.0
594 1142.04 1538.45
595 1985.91 353.82
596 1927.25 1801.15
597 1743.19 1778.77
598 1185.22 1855.87
599 1970.14 1755.16
600 1586.0 996.38
601 10.2 901.69
602 1435.15 1139.38
603 36.93 302.92
604 648.78 851.99
605 328.15 248.02
606 923.68 264.51
607 1900.88 917.35
608 938.97 395.25
609 1495.01 1176.3
610 208.4 1061.61
611 791.45 249.37
612 1626.57 1882.36
613 326.52 1300.19
614 1499.98 1015.01
615 1602.54 177.74
616 1681.69 288.07
617 569.5 947.91
618 924.96 1414.74
619 234.4 1329.75
620 1971.92 251.02
621 524.42 1435.48
622 1612.03 1594.85
623 1419.18 1988.22
624 145.61 1082.09
625 128.66 1463.52
626 991.34 682.9
627 1825.63 835.63
628 1344.73 857.04
629 744.19 25.06
630 1475.71 122.84
631 1883.42 392.25
632 1031.73 1568.79
633 141.51 659.56
634 1325.55 857.13
635 1501.92 1588.54
636 1977.94 1911.52
637 1093.1 157.45
638 250.71 1673.34
639 1579.3 1209.19
640 1449.64 1781.64
641 1979.84 65.52
642 1138.37 589.25
643 1401.11 1943.83
644 336.66 809.26
645 1516.69 1277.99
646 1798.06 1779.94
647 356.96 1146.94
648 478.17 78.8
649 1598.95 1364.95
650 1073.8 1238.68
651 988.14 546.18
652 1738.08 1591.14
653 719.04 549.52
654 1284.41 395.38
655 340.26 1205.26
656 475.14 498.66
657 926.14 605.38
658 288.54 1483.27
659 108.83 1452.92
660 153.03 1400.78
661 1138.51 643.51
662 658.03 980.05
663 632.18 208.81
664 1577.51 1710.81
665 1916.46 508.93
666 1641.05 816.89
667 950.5 546.88
668 1196.0 1088.36
669 472.52 904.43
670 771.7 1833.39
671 1300.87 1420.88
672 1530.06 585.07
673 944.62 1539.76
674 1062.82 1524.59
675 574.65 214.35
676 1360.34 531.0
677 619.67 397.62
678 1126.76 1041.72
679 844.42 388.74
680 963.07 125.46
681 64.28 1825.08
682 381.27 1775.04
683 886.71 1081.94
684 1995.7 1651.71
685 1471.46 1760.16
686 1384.55 708.76
687 1801.47 62.31
688 88.05 114.15
689 660.29 1367.49
690 1555.53 650.4
691 1205.29 1002.99
692 1909.05 1738.69
693 282.76 1832.92
694 832.85 1323.25
695 198.87 1882.16
696 1588.35 637.99
697 376.62 487.56
698 1870.56 449.83
699 990.03 466.21
700 584.7 619.44
701 1492.44 907.04
702 1321.71 604.72
703 146.65 1033.3
704 418.39 809.15
705 1998.63 1331.12
706 528.36 957.74
707 559.38 211.49
708 196.37 316.63
709 102.96 1164.46
710 1334.74 1071.96
711 1696.04 1435.44
712 1727.84 743.83
713 1415.74 1878.44
714 1255.46 1815.01
715 522.44 1042.9
716 1447.07 1123.06
717 915.02 1723.08
718 294.96 443.78
719 223.14 177.02
720 1118.23 522.96
721 610.8 528.36
722 996.57 306.67
723 1736.25 1803.91
724 492.26 1173.88
725 979.02 608.45
726 1923.9 1846.45
727 636.56 1394.6
728 444.8 954.79
729 289.07 790.58
730 356.49 1322.96
731 67.3 555.17
732 70.3 1060.81
733 720.06 678.1
734 987.7 1429.97
735 129.11 1060.89
736 851.72 1708.93
737 1663.12 1484.35
738 783.77 410.63
739 1791.73 1324.51
740 928.0 162.04
741 196.21 12.27
742 1308.49 492.84
743 1004.48 1016.13
744 636.06 1673.73
745 972.26 681.01
746 1274.09 1361.75
747 752.7 47.49
748 1102.42 128.54
749 1103.09 388.36
750 1517.97 752.96
751 441.48 66.56
752 1126.0 1031.45
753 1753.1 1601.48
754 1113.83 183.8
755 1175.04 749.83
756 714.33 1448.78
757 695.21 360.55
758 112.87 637.29
759 1653.79 673.59
760 284.32 745.05
761 1797.12 1361.95
762 1173.72 1043.92
763 426.23 256.96
764 859.87 1606.58
765 1028.93 743.57
766 1592.92 1630.16
767 219.19 1942.42
768 1170.78 1261.98
769 1973.32 1751.8
770 930.57 1314.5
771 1500.11 1481.57
772 1129.34 21.59
773 1322.6 590.72
774 711.77 1899.44
775 468.43 1846.82
776 1147.48 118.31
777 1451.77 1695.97
778 1998.38 174.03
779 1566.78 1859.88
780 1517.02 121.31
781 1348.07 150.2
782 68.74 4.59
783 809.83 1529.17
784 1797.05 1549.68
785 15.09 1826.05
786 1629.89 747.44
787 953.14 1437.5
788 1190.03 940.18
789 1426.93 595.22
790 883.83 1022.2
791 1095.27 1468.24
792 82.42 1331.91
793 485.45 1138.06
794 510.3 1984.92
795 1692.93 1160.92
796 625.53 14.42
797 1032.45 528.85
798 868.21 1163.1
799 1107.34 1922.07
800 426.89 95.64
801 796.61 1711.18
802 1976.22 946.19
803 1017.36 146.7
804 1036.96 1880.85
805 1222.64 58.71
806 548.04 224.38
807 1482.39 1473.56
808 1604.36 1906.68
809 1060.82 1610.08
810 625.58 1416.79
811 877.79 785.16
812 1043.34 1565.51
813 979.42 1562.16
814 1287.13 1645.69
815 359.89 967.14
816 291.8 1151.97
817 1182.29 68.9
818 821.06 68.01
819 862.16 1753.44
820 1348.71 1192.63
821 375.22 148.88
822 739.99 654.94
823 1539.1 1667.97
824 38.22 1777.11
825 1004.37 1357.04
826 104.28 915.34
827 1309.45 764.4
828 952.25 709.32
829 1223.47 1534.47
830 974.35 89.05
831 1180.56 1259.24
832 260.76 1218.25
833 1810.62 495.48
834 426.65 1302.14
835 266.8 834.02
836 1762.77 1769.74
837 1998.57 67.66
838 963.72 780.91
839 1180.84 756.77
840 1927.64 1764.76
841 946.8 1400.42
842 1208.23 1401.14
843 814.38 56.05
844 10.37 217.74
845 96.85 590.99
846 944.9 1603.37
847 45.27 1430.6
848 554.03 1261.87
849 930.62 1332.76
850 122.88 1304.0
851 1979.09 229.51
852 489.28 1450.08
853 528.48 1829.34
854 349.83 964.16
855 969.12 402.18
856 1040.97 1867.96
857 980.54 1673.14
858 1741.75 195.63
859 1843.28 703.7
860 1086.37 320.79
861 890.99 1210.47
862 852.54 1921.53
863 1800.1 477.39
864 440.28 493.14
865 1567.36 292.06
866 103.33 665.61
867 1135.62 194.54
868 1962.75 1652.12
869 869.87 131.69
870 200.96 1248.54
871 1118.3 1278.52
872 1893.81 847.77
873 28.05 309.36
874 1059.79 1931.53
875 41.99 209.95
876 4.55 1130.11
877 940.93 1997.19
878 1230.77 462.94
879 1397.63 1091.61
880 281.42 1663.8
881 1079.37 1864.09
882 1612.39 702.26
883 1390.57 1534.72
884 621.07 511.23
885 184.83 1585.32
886 1066.25 695.58
887 407.45 1616.14
888 356.53 432.88
889 1604.86 1028.82
890 120.79 1036.48
891 696.95 1253.64
892 344.27 1634.57
893 1775.58 1637.38
894 169.55 1951.92
895 655.72 915.28
896 37.66 1069.93
897 1199.68 498.37
898 1360.41 1931.61
899 933.1 1570.51
900 1961.49 743.23
901 465.79 1240.46
902 1892.31 1098.82
903 1255.79 176.61
904 434.91 310.92
905 851.97 691.5
906 1716.49 132.86
907 1666.9 1852.52
908 1696.7 785.63
909 1573.12 1472.72
910 833.52 1845.8
911 1661.36 821.77
912 683.11 1455.74
913 396.25 1899.14
914 943.08 1417.87
915 51.17 591.58
916 1340.28 850.54
917 3.93 0.35
918 196.0 71.51
919 625.64 638.2
920 1333.36 814.59
921 1749.91 1453.65
922 1994.9 738.39
923 316.11 410.97
924 1248.61 1146.83
925 746.11 1145.17
926 1037.88 720.47
927 1380.85 305.03
928 1248.4 1747.99
929 537.48 275.82
930 475.53 220.93
931 309.34 1239.59
932 562.7 1714.75
933 1609.22 1460.11
934 100.81 1817.8
935 108.62 338.61
936 190.77 256.02
937 752.54 857.81
938 32.77 1182.14
939 1280.06 1595.07
940 82.36 1964.85
941 291.74 165.17
942 125.63 1693.67
943 469.15 430.73
944 1787.9 1779.09
945 1909.25 1208.46
946 198.93 1642.7
947 1737.64 1130.19
948 529.26 1382.25
949 570.56 1856.75
950 1396.7 1743.07
951 1541.63 731.92
952 1698.16 63.63
953 303.62 290.53
954 635.14 1280.18
955 173.51 1090.75
956 1791.28 1753.19
957 391.51 1783.28
958 603.92 38.27
959 1151.01 196.32
960 1333.89 1475.36
961 1841.78 1185.66
962 1210.78 457.79
963 900.73 1604.49
964 357.01 1171.09
965 1322.56 1373.63
966 506.35 1773.4
967 321.74 1619.84
968 1294.41 540.3
969 1214.33 1458.95
970 1096.97 1850.82
971 230.75 1183.73
972 142.08 1850.28
973 1134.83 887.52
974 1241.2 275.43
975 946.9 1571.58
976 1272.31 528.23
977 21.83 1272.49
978 1627.7 1082.24
979 1049.27 1317.91
980 1473.95 1897.5
981 1544.43 801.52
982 975.18 1731.73
983 1777.5 280.73
984 272.51 889.91
985 1175.79 1811.64
986 777.02 805.55
987 1101.99 1225.81
988 1875.97 126.94
989 1226.65 875.87
990 16.02 1561.38
991 1896.68 737.06
992 1753.43 1698.21
993 402.19 1697.47
994 347.2 1665.21
995 617.08 314.37
996 1489.73 795.94
997 952.04 887.34
998 1705.92 1032.09
999 245.38 1030.37
1000 1634.6 1057.68
1001 1347.09 1940.58
1002 971.43 1231.57
1003 1277.06 796.86
1004 1385.14 1567.4
1005 1134.21 1594.0
1006 879.04 37.28
1007 720.58 1969.2
1008 103.45 862.73
1009 210.21 1015.05
1010 1038.05 1573.82
1011 1433.96 1062.26
1012 955.14 534.89
1013 1143.6 1601.73
1014 1324.52 806.93
1015 422.82 1180.75
1016 603.32 635.77
1017 1829.8 874.8
1018 1002.46 854.67
1019 219.81 620.78
1020 1137.45 335.09
1021 734.27 741.04
1022 1879.26 650.74
1023 1924.94 1290.48
1024 533.86 300.32
1025 1164.16 997.84
1026 150.31 421.62
1027 1854.77 712.3
1028 225.05 1949.56
1029 884.04 1094.61
1030 1253.75 1725.55
1031 630.35 1974.17
1032 102.62 1679.23
1033 1700.35 199.13
1034 984.19 255.37
1035 1890.23 1724.12
1036 1924.7 621.26
1037 1211.34 978.6
1038 939.84 1495.46
1039 179.73 1398.92
1040 631.83 60.56
1041 1440.49 1177.22
1042 1164.0 1691.92
1043 763.03 343.69
1044 446.48 1552.35
1045 118.52 1236.02
1046 655.86 1704.95
1047 1020.25 304.72
1048 1009.7 1169.58
1049 1484.64 1859.37
1050 1086.04 1866.99
1051 1366.09 185.57
1052 1320.43 638.51
1053 241.39 70.03
1054 671.2 625.82
1055 113.97 1769.3
1056 880.59 91.63
1057 1640.13 1418.37
1058 261.13 916.77
1059 1162.06 30.33
1060 1661.23 543.94
1061 465.19 1828.51
1062 272.24 1208.68
1063 1852.69 567.13
1064 137.1 560.73
1065 940.85 1975.42
1066 214.13 240.29
1067 1504.69 913.31
1068 1713.59 528.07
1069 915.8 984.0
1070 60.99 1517.3
1071 38.42 1412.4
1072 1870.1 405.31
1073 1087.77 577.67
1074 1273.8 927.61
1075 1397.33 1019.5
1076 934.93 17.86
1077 876.97 58.03
1078 1194.09 1976.74
1079 1075.43 635.26
1080 1624.54 461.5
1081 1631.68 1581.24
1082 835.02 1152.86
1083 280.1 1294.66
1084 1378.87 174.21
1085 249.7 147.94
1086 1336.42 666.78
1087 1624.87 533.27
1088 874.64 320.37
1089 1650.93 299.26
1090 435.23 803.09
1091 29.87 829.15
1092 827.63 870.55
1093 555.93 194.64
1094 1164.26 1511.31
1095 954.2 1734.42
1096 955.23 860.87
1097 1505.48 1339.84
1098 1958.66 119.24
1099 39.64 1277.17
1100 714.44 1721.27
1101 333.35 676.93
1102 952.3 1719.75
1103 1537.43 1686.66
1104 958.92 847.87
1105 1376.38 1809.12
1106 936.15 1332.29
1107 7.54 1904.73
1108 1268.86 342.54
1109 1292.39 873.61
1110 711.83 1207.69
1111 1130.88 345.2
1112 1380.58 255.09
1113 385.25 1809.95
1114 1943.67 1730.74
1115 343.84 1991.2
1116 1769.7 1068.58
1117 1164.58 1089.83
1118 148.07 534.15
1119 88.51 693.98
1120 500.63 1370.95
1121 1258.35 1413.51
1122 146.7 1188.13
1123 195.46 1881.64
1124 1218.32 1320.6
1125 350.88 975.57
1126 1080.44 1649.06
1127 1078.74 557.64
1128 550.02 1512.49
1129 1528.59 982.76
1130 692.97 1953.18
1131 963.28 1695.94
1132 582.2 1614.84
1133 1379.03 1955.33
1134 1646.02 76.96
1135 219.73 1496.72
1136 1154.04 447.15
1137 462.02 1447.4
1138 795.04 866.46
1139 483.47 503.94
1140 1124.11 307.42
1141 1703.31 968.28
1142 201.38 1703.67
1143 1952.49 1872.72
1144 861.08 225.59
1145 1327.58 1691.33
1146 1884.26 1024.68
1147 1687.63 1007.52
1148 1910.69 1165.48
1149 1896.08 228.4
1150 1341.36 1375.65
1151 8.3 371.09
1152 836.7 1144.42
1153 464.35 1760.59
1154 1274.31 565.16
1155 25.43 145.34
1156 1140.92 1056.66
1157 1207.96 1796.35
1158 924.66 100.74
1159 1431.32 1290.73
1160 812.5 1289.37
1161 345.93 1749.12
1162 1496.72 393.03
1163 1502.99 1224.52
1164 1397.32 1279.66
1165 3.69 836.87
1166 1707.8 142.88
1167 770.04 1691.04
1168 86.57 564.74
1169 170.49 1569.46
1170 8.79 1068.55
1171 1689.18 1598.55
1172 671.23 1176.0
1173 1411.53 1726.94
1174 299.25 1400.78
1175 203.92 431.91
1176 848.94 1761.69
1177 234.46 226.31
1178 11.89 1392.2
1179 380.89 1723.36
1180 314.58 1664.25
1181 849.24 921.27
1182 894.18 1100.59
1183 826.27 1034.06
1184 451.07 941.02
1185 1390.6 1359.2
1186 1632.62 764.87
1187 992.0 247.65
1188 1867.39 141.09
1189 108.19 1202.66
1190 1612.38 1471.76
1191 957.95 643.33
1192 1032.17 945.77
1193 1297.25 1489.82
1194 893.88 1475.45
1195 775.93 662.96
1196 1956.29 635.62
1197 467.85 103.73
1198 1927.2 682.34
1199 249.89 463.69
1200 1224.42 1407.64
1201 1860.33 1006.94
1202 547.82 719.74
1203 1083.08 152.51
1204 69.04 761.22
1205 1871.21 616.62
1206 926.09 274.54
1207 1702.83 789.28
1208 113.48 865.65
1209 1792.01 950.75
1210 1021.23 1251.25
1211 105.05 327.17
1212 1095.72 812.99
1213 555.37 1506.77
1214 1960.88 200.9
1215 1197.8 1735.94
1216 1195.3 325.68
1217 1154.52 1101.21
1218 400.92 1575.69
1219 1100.21 1533.92
1220 1807.12 406.8
1221 245.41 1721.89
1222 1964.2 1074.99
1223 945.8 443.1
1224 1914.75 906.79
1225 189.22 973.26
1226 1497.21 316.34
1227 1987.98 1520.95
1228 48.31 1545.42
1229 683.04 404.61
1230 410.66 1506.73
1231 596.29 640.85
1232 729.04 102.26
1233 1237.45 119.82
1234 518.02 881.27
1235 1094.16 348.63
1236 1763.77 726.83
1237 548.48 556.72
1238 643.52 581.94
1239 1510.45 1779.9
1240 936.43 1857.1
1241 1886.28 384.7
1242 1953.59 1585.03
1243 1617.45 657.65
1244 1909.74 858.45
1245 1054.49 1308.32
1246 423.69 190.11
1247 1178.19 1059.34
1248 1706.52 1689.56
1249 780.84 1318.4
1250 1393.04 1544.11
1251 729.76 333.57
1252 1769.73 1676.03
1253 580.66 188.94
1254 386.5 1731.07
1255 1860.63 801.8
1256 1567.43 1564.33
1257 1491.83 590.35
1258 1742.53 48.68
1259 319.26 1179.8
1260 94.03 1844.79
1261 596.21 1590.74
1262 234.24 1311.2
1263 101.34 989.97
1264 187.59 1011.69
1265 1507.36 1715.41
1266 152.52 946.51
1267 269.09 1816.33
1268 730.59 1477.01
1269 449.93 1394.88
1270 1492.01 622.71
1271 394.98 1640.92
1272 10.87 72.76
1273 1544.54 1993.42
1274 1804.43 1561.78
1275 530.14 250.77
1276 1554.96 1778.01
1277 1293.63 1976.89
1278 119.4 1668.19
1279 1455.65 1976.69
1280 1629.99 1509.37
1281 166.74 223.41
1282 84.72 1836.3
1283 1875.63 152.4
1284 1295.11 797.09
1285 478.78 935.71
1286 1019.15 1358.6
1287 247.13 1397.96
1288 1512.78 1727.38
1289 212.26 1815.72
1290 1202.6 1183.45
1291 815.6 332.51
1292 302.89 1243.85
1293 1976.92 886.08
1294 1023.88 1401.02
1295 365.64 581.9
1296 89.63 436.15
1297 1526.81 144.06
1298 1589.23 513.48
1299 1809.71 205.67
1300 230.28 1721.23
1301 1292.9 414.65
1302 87.65 1852.96
1303 488.85 1418.32
1304 1393.15 920.61
1305 1479.8 407.26
1306 1397.15 1317.19
1307 812.43 1703.33
1308 1240.26 1829.83
1309 1483.02 1386.27
1310 1451.5 1797.76
1311 1594.9 244.11
1312 1560.46 860.62
1313 1280.11 1498.53
1314 1274.78 831.5
1315 905.17 1659.19
1316 490.57 1171.56
1317 510.96 1446.61
1318 1404.77 820.35
1319 893.68 5.94
1320 1610.84 1663.22
1321 1375.27 825.65
1322 819.41 650.34
1323 1089.51 1170.36
1324 29.72 1780.72
1325 1578.55 9.89
1326 1651.18 1342.69
1327 709.2 743.81
1328 70.23 687.77
1329 1367.55 999.71
1330 1494.77 1557.94
1331 987.89 1182.29
1332 405.24 1662.4
1333 18.12 684.15
1334 1645.45 585.74
1335 564.44 1848.64
1336 62.43 1095.03
1337 1768.51 1464.09
1338 646.76 1019.24
1339 249.65 1216.08
1340 1869.38 1947.61
1341 828.98 703.25
1342 243.45 1762.75
1343 1436.2 1625.58
1344 1889.59 217.68
1345 526.8 1945.62
1346 803.43 1439.98
1347 261.84 1305.2
1348 1315.98 1362.73
1349 1937.67 695.5
1350 331.81 1778.21
1351 102.6 1974.91
1352 1868.12 1969.71
1353 897.3 1032.85
1354 3.02 1535.46
1355 341.33 1257.15
1356 1204.15 1249.1
1357 571.85 1928.43
1358 920.75 395.39
1359 1521.62 751.5
1360 1205.7 1831.46
1361 522.8 521.08
1362 1319.05 958.92
1363 1745.37 1652.07
1364 93.49 1079.23
1365 1797.0 1140.08
1366 1093.3 1773.76
1367 1030.6 327.98
1368 133.06 1573.72
1369 1766.45 277.48
1370 288.86 173.98
1371 213.51 1984.39
1372 1179.42 535.89
1373 562.43 885.84
1374 1772.28 348.12
1375 1540.27 242.07
1376 727.62 449.45
1377 1937.89 1846.96
1378 1100.81 1173.46
1379 1013.52 541.02
1380 24.99 1760.03
1381 655.77 1100.94
1382 1837.96 643.56
1383 795.55 417.82
1384 875.86 1822.85
1385 1949.1 308.12
1386 328.15 1627.07
1387 1743.52 1852.26
1388 1987.28 1814.3
1389 384.76 34.38
1390 616.13 1749.14
1391 1184.49 388.64
1392 423.62 1770.99
1393 1148.25 245.48
1394 1034.72 101.32
1395 19.09 163.68
1396 837.91 1010.37
1397 358.35 1612.52
1398 1070.29 1720.08
1399 289.32 922.89
1400 1560.65 1369.52
1401 1621.7 634.67
1402 341.17 549.59
1403 1515.03 10.0
1404 784.41 1482.79
1405 1193.77 673.88
1406 904.69 1192.11
1407 1723.42 1254.88
1408 13.8 1115.54
1409 975.66 293.58
1410 1703.14 950.05
1411 1213.8 1872.18
1412 1914.85 1625.82
1413 167.07 607.77
1414 372.06 1438.55
1415 1658.79 1269.31
1416 1623.57 687.33
1417 1864.69 1235.3
1418 229.03 1424.39
1419 971.96 1038.21
1420 1747.16 790.51
1421 1906.49 1805.47
1422 884.07 305.8
1423 976.55 483.19
1424 1093.35 634.88
1425 1304.35 132.97
1426 1975.89 1472.5
1427 1719.39 1436.27
1428 731.58 22.02
1429 1154.37 562.54
1430 671.57 649.8
1431 934.54 1266.05
1432 785.24 367.26
1433 395.35 1415.84
1434 209.54 235.02
1435 266.81 1857.42
1436 641.94 185.5
1437 1574.49 1043.95
1438 804.72 1601.57
1439 422.86 557.36
1440 284.27 1568.76
1441 215.09 569.13
1442 1310.83 1929.71
1443 1714.73 1073.78
1444 973.32 340.03
1445 1889.9 882.68
1446 1741.19 791.6
1447 1141.63 792.65
1448 740.55 46.57
1449 1524.9 120.7
1450 368.69 619.67
1451 466.15 1342.68
1452 1150.51 314.99
1453 1746.03 764.4
1454 143.54 1930.39
1455 704.74 1488.84
1456 272.72 387.09
1457 1784.8 1889.06
1458 1868.12 178.19
1459 852.81 1962.52
1460 594.25 1270.32
1461 31.21 587.24
1462 871.02 1448.67
1463 542.3 1484.77
1464 478.65 1125.35
1465 1915.27 1221.71
1466 1000.04 1969.79
1467 1726.76 942.01
1468 290.29 81.95
1469 1913.75 837.58
1470 157.79 1408.94
1471 1439.17 308.95
1472 1819.11 205.24
1473 1472.82 359.48
1474 21.64 1076.1
1475 1954.36 1737.67
1476 364.6 1450.28
1477 1077.1 797.04
1478 1508.39 326.19
1479 1086.49 203.83
1480 100.35 1897.7
1481 850.3 1022.75
1482 1978.73 627.58
1483 1483.0 1629.7
1484 1339.5 697.57
1485 1039.58 1943.13
1486 1933.9 444.77
1487 1423.58 298.13
1488 1623.81 863.86
1489 1074.87 1873.39
1490 855.03 1841.5
1491 1500.72 452.15
1492 559.27 539.32
1493 1780.15 1659.5
1494 1359.02 1666.43
1495 1180.31 547.25
1496 596.77 586.81
1497 1163.5 1861.81
1498 1833.22 818.4
1499 918.79 43.21
1500 1055.17 1999.41
1501 1650.53 735.88
1502 1941.87 1367.89
1503 1045.33 971.57
1504 84.8 77.89
1505 1619.96 1945.08
1506 1837.39 417.0
1507 1662.03 201.67
1508 149.59 1909.59
1509 1819.59 1491.76
1510 1660.12 1336.8
1511 37.44 1581.78
1512 660.3 1306.29
1513 294.27 1410.31
1514 469.14 103.21
1515 1027.22 1580.41
DEMAND_SECTION
1 1 5 3 0 4 2 5 4 0 0 0 2 1 0 0 
2 3 1 0 5 1 0 0 0 0 0 1 3 5 4 2 
3 1 0 0 0 0 3 1 0 0 3 5 0 5 1 1 
4 0 0 4 0 1 0 2 0 0 1 5 3 4 0 0 
5 0 0 5 4 1 0 3 0 2 1 2 2 2 0 4 
6 2 0 5 0 0 0 0 4 0 3 4 0 3 3 4 
7 0 0 0 5 4 5 2 0 4 2 4 0 3 3 3 
8 4 5 0 0 2 5 0 0 2 2 0 0 3 0 3 
9 3 5 0 2 0 4 2 2 0 3 4 3 0 1 2 
10 0 3 1 1 0 0 2 1 0 3 2 0 0 0 1 
11 0 4 0 3 5 3 1 1 3 0 3 5 3 2 3 
12 1 4 4 0 1 5 0 5 1 0 0 4 5 5 2 
13 0 4 0 5 0 0 1 0 0 0 2 4 3 2 3 
14 1 5 0 2 4 0 0 2 5 0 5 0 1 0 4 
15 1 0 0 0 1 4 1 0 2 0 0 5 2 3 0 
16 4 0 5 0 1 0 4 0 2 0 5 4 0 2 0 
17 0 3 4 4 0 0 4 4 5 5 0 3 5 0 0 
18 4 0 0 3 1 4 5 0 5 2 0 2 4 0 2 
19 0 1 0 2 0 0 5 2 0 0 4 0 0 0 3 
20 0 5 2 1 0 3 2 2 1 0 3 1 4 2 0 
21 0 0 5 2 0 0 0 5 3 0 1 4 0 0 2 
22 2 2 1 0 4 0 1 0 0 1 5 2 1 2 4 
23 0 3 5 0 5 0 4 4 2 0 5 5 2 0 2 
24 0 2 3 2 3 4 4 2 0 2 0 0 1 3 0 
25 0 0 0 0 0 5 0 5 0 0 3 2 5 3 2 
26 4 3 2 4 3 0 0 5 2 1 0 0 0 0 0 
27 0 1 0 5 5 0 0 2 5 0 0 0 5 2 5 
28 0 1 3 4 3 5 0 0 5 4 0 3 1 5 2 
29 5 0 2 3 0 0 5 0 0 4 0 0 2 4 5 
30 3 5 5 0 1 0 0 2 4 4 0 2 0 0 0 
31 0 0 5 0 2 0 5 0 0 5 0 0 1 0 5 
32 1 3 3 5 5 4 0 5 3 3 0 0 0 2 4 
33 3 2 3 2 2 5 4 3 0 4 0 1 0 0 0 
34 5 1 4 0 2 0 0 0 0 4 5 4 0 1 0 
35 3 4 0 3 2 4 0 0 0 0 4 4 2 4 1 
36 3 0 3 0 0 5 0 0 2 5 2 3 0 2 0 
37 0 3 2 4 2 5 4 3 4 2 5 4 0 5 0 
38 0 0 2 3 1 1 0 0 0 3 0 0 0 3 0 
39 3 0 0 2 3 5 0 0 3 2 0 5 3 3 0 
40 1 3 5 5 0 2 4 3 0 1 1 2 0 0 3 
41 3 0 3 0 0 2 0 0 0 0 0 0 0 4 0 
42 5 0 4 0 4 3 1 5 1 4 0 0 0 0 1 
43 4 0 0 0 0 0 4 2 0 4 1 1 4 1 0 
44 0 2 4 3 3 3 2 0 0 0 0 4 0 4 1 
45 3 0 1 2 0 0 3 0 0 1 1 2 4 0 4 
46 2 0 1 1 0 3 5 0 2 0 2 3 0 2 4 
47 0 0 0 0 3 2 4 0 4 0 2 4 1 0 3 
48 1 3 5 3 0 0 2 0 1 0 2 2 1 2 3 
49 5 3 2 3 5 3 0 2 3 2 0 4 0 1 4 
50 2 4 3 4 1 0 2 0 3 0 2 0 4 0 0 
51 0 0 5 1 0 5 1 4 3 0 4 1 3 1 0 
52 5 4 0 0 4 5 0 4 0 0 0 0 1 0 0 
53 3 1 5 3 5 0 2 1 0 3 4 0 5 0 4 
54 0 4 2 0 4 4 0 0 4 0 0 0 3 0 4 
55 1 2 1 0 0 0 0 0 0 1 2 0 5 2 2 
56 0 3 0 1 5 0 4 3 2 5 4 4 4 0 2 
57 1 0 5 0 0 5 0 0 0 3 4 1 5 0 0 
58 2 2 3 4 3 0 3 2 1 5 3 0 0 0 5 
59 0 1 4 0 0 0 3 0 5 2 0 0 2 0 0 
60 0 4 3 5 3 4 0 2 0 0 2 0 0 0 4 
61 0 0 0 4 0 1 0 0 1 0 4 0 0 2 4 
62 0 3 0 0 2 3 5 0 4 0 5 3 0 0 3 
63 3 1 4 5 1 0 0 0 3 2 0 0 4 0 2 
64 0 4 0 5 3 0 4 0 0 2 4 5 0 4 1 
65 0 0 3 4 0 1 0 0 0 5 4 5 0 4 5 
66 4 0 4 0 0 3 0 0 3 3 4 0 0 5 4 
67 3 5 1 4 0 0 2 0 4 1 0 5 5 0 0 
68 4 2 2 0 2 1 0 5 0 0 0 0 0 5 0 
69 0 1 0 0 3 0 0 0 0 0 4 0 3 1 1 
70 0 2 0 2 0 1 3 3 1 3 4 4 1 5 5 
71 3 4 0 1 0 4 3 5 1 3 0 5 2 1 0 
72 0 0 4 0 1 2 1 3 5 1 0 2 0 0 1 
73 2 0 2 0 3 3 0 0 2 5 0 0 5 1 2 
74 5 0 0 0 3 3 2 4 1 2 2 0 5 5 0 
75 0 5 0 4 5 4 2 0 0 0 4 3 1 2 5 
76 2 4 0 0 2 1 0 5 0 0 2 1 5 0 4 
77 1 4 5 0 5 1 0 5 0 4 0 3 4 2 3 
78 2 0 3 0 1 0 0 0 3 0 3 3 0 0 0 
79 2 0 0 0 0 2 4 0 0 0 3 3 0 5 0 
80 5 5 0 3 1 3 0 3 0 5 2 3 0 0 2 
81 0 3 5 0 0 4 0 5 3 0 0 0 4 0 0 
82 0 0 0 2 2 0 5 5 4 4 3 1 0 0 3 
83 0 4 1 1 0 0 0 0 0 5 0 5 0 0 1 
84 0 1 0 5 3 0 2 1 0 0 0 0 0 2 0 
85 4 5 3 5 4 5 0 4 2 2 0 0 0 1 5 
86 0 3 2 5 3 1 4 0 0 0 0 1 0 1 0 
87 3 2 2 3 3 0 1 1 0 5 4 0 0 5 2 
88 3 5 2 0 0 2 1 2 0 0 2 4 5 0 5 
89 2 0 0 1 0 5 0 5 0 0 1 3 4 3 2 
90 5 5 0 1 4 2 1 0 0 3 0 5 5 4 1 
91 2 1 2 5 2 0 1 1 5 1 0 2 0 4 3 
92 0 2 4 1 3 0 4 0 5 0 0 5 0 1 0 
93 0 2 4 1 5 4 0 5 0 0 4 0 1 3 1 
94 3 0 0 0 0 4 3 0 5 1 2 3 2 0 4 
95 3 5 0 2 0 2 0 5 1 3 0 3 3 5 2 
96 0 4 0 0 0 2 1 3 3 3 5 0 0 0 0 
97 4 0 4 0 0 4 2 4 1 2 1 0 3 2 4 
98 3 0 2 0 0 1 0 0 2 1 0 0 4 0 4 
99 0 3 4 0 0 1 1 4 0 1 5 2 1 0 3 
100 4 0 2 4 2 2 2 2 5 1 4 1 5 0 0 
101 4 4 0 0 5 5 4 0 4 0 3 2 0 4 1 
102 0 3 4 0 0 0 0 3 4 4 2 4 1 0 3 
103 1 1 0 0 0 2 0 4 4 3 5 2 4 1 0 
104 0 3 0 2 0 0 4 0 3 2 4 4 5 4 0 
105 5 5 1 2 2 2 0 2 1 2 0 0 0 4 0 
106 4 4 5 0 0 0 0 0 2 4 0 0 0 0 1 
107 0 5 5 3 0 5 3 0 1 5 3 4 0 1 0 
108 0 0 1 0 1 0 0 0 0 0 1 2 1 0 0 
109 2 0 0 4 1 2 2 3 4 4 2 0 0 1 0 
110 3 1 0 2 4 0 1 0 0 4 3 4 0 1 3 
111 5 3 0 2 3 0 0 0 0 4 0 0 1 0 0 
112 0 0 2 0 0 0 0 2 1 4 0 2 4 0 3 
113 4 0 0 3 1 3 5 3 0 2 4 4 4 3 5 
114 3 5 3 2 2 2 0 3 1 4 0 0 1 4 4 
115 3 0 4 4 1 3 5 4 0 1 3 0 0 0 5 
116 0 4 0 0 1 2 3 3 2 0 2 0 1 4 4 
117 1 0 0 0 0 0 0 4 3 0 4 2 0 2 0 
118 0 0 4 0 4 0 4 4 0 0 0 0 0 1 5 
119 4 0 0 5 5 0 1 0 5 3 3 0 0 0 1 
120 0 4 0 0 4 0 2 0 2 0 4 5 2 0 0 
121 0 4 0 0 0 2 3 3 2 3 5 0 4 0 5 
122 2 0 2 0 0 4 4 1 5 1 0 2 0 0 2 
123 0 0 5 0 0 3 5 3 4 0 3 4 0 0 5 
124 0 0 3 0 0 0 1 0 0 4 0 4 1 0 0 
125 1 0 0 0 1 0 0 0 0 0 0 5 5 0 0 
126 0 2 0 1 3 0 0 0 0 0 1 0 0 4 5 
127 5 1 4 0 0 1 2 1 0 0 0 5 3 5 0 
128 3 3 4 2 3 0 3 5 1 2 0 0 1 0 1 
129 0 1 2 1 4 0 5 5 5 0 3 1 1 1 0 
130 5 0 4 0 3 0 4 1 2 0 5 0 4 0 0 
131 0 2 0 2 5 3 0 3 0 3 4 5 1 0 1 
132 0 2 4 5 5 0 2 0 0 4 4 0 0 4 0 
133 1 1 0 3 0 0 3 0 1 0 1 3 2 0 2 
134 1 5 0 0 0 4 3 2 3 3 0 4 0 5 0 
135 0 0 0 2 0 4 3 1 0 2 0 0 0 5 0 
136 3 5 0 0 3 4 1 5 3 0 5 4 0 3 2 
137 4 3 0 4 0 0 0 1 0 0 0 0 0 0 2 
138 3 2 5 0 0 5 0 1 4 5 0 0 0 0 0 
139 4 2 3 4 4 0 0 4 0 5 5 1 1 5 4 
140 2 0 0 0 2 0 0 0 0 3 4 0 0 0 1 
141 1 0 0 0 0 0 0 0 5 2 0 0 4 0 2 
142 5 2 0 1 3 5 2 0 3 5 4 5 0 1 0 
143 3 0 0 5 0 0 0 2 0 5 4 0 2 1 0 
144 0 0 1 4 1 2 0 1 1 0 2 0 0 0 1 
145 5 3 4 0 0 1 3 1 0 5 2 1 4 5 3 
146 2 5 5 0 0 0 4 2 3 2 0 0 5 5 2 
147 0 0 3 3 2 0 5 4 0 0 1 0 0 0 1 
148 3 4 5 0 0 3 5 4 0 3 5 0 2 3 0 
149 0 0 4 0 4 0 0 1 2 3 4 4 4 3 4 
150 3 1 0 1 0 0 0 1 0 0 0 0 5 0 0 
151 4 0 3 1 0 2 5 0 0 1 5 2 0 0 0 
152 3 4 2 4 0 0 4 5 1 0 2 0 0 4 5 
153 0 0 0 5 0 1 0 0 1 2 2 0 0 0 4 
154 2 0 4 2 0 0 0 5 3 4 3 4 0 4 0 
155 0 2 4 0 0 1 0 0 3 1 2 2 2 4 3 
156 4 5 1 0 4 2 3 4 4 2 0 0 2 3 5 
157 2 0 0 0 1 5 5 2 0 5 0 2 0 5 0 
158 0 2 0 0 5 4 5 0 0 4 3 0 2 0 4 
159 3 5 2 3 0 0 2 0 0 1 2 0 0 0 0 
160 0 2 3 4 3 0 0 2 5 3 0 2 4 1 1 
161 0 0 0 0 1 0 5 3 0 3 0 5 0 4 2 
162 0 0 1 1 5 2 3 0 4 0 0 1 2 3 4 
163 0 3 1 5 4 1 2 3 1 0 0 2 2 5 0 
164 1 0 3 2 0 5 0 1 2 2 0 3 1 0 1 
165 0 0 0 0 3 3 0 0 0 0 4 0 2 0 2 
166 0 5 5 2 0 1 0 0 1 0 3 2 2 3 4 
167 0 0 1 0 0 3 5 4 0 1 3 2 1 0 5 
168 0 0 5 3 4 0 0 5 0 0 4 1 0 5 1 
169 2 5 0 3 2 3 3 1 5 4 1 1 2 0 0 
170 5 0 2 1 0 0 0 4 4 1 5 2 0 4 2 
171 2 2 0 1 1 1 0 2 3 5 0 3 0 0 0 
172 2 5 1 1 0 0 1 5 1 1 0 4 4 4 0 
173 2 1 0 3 1 4 0 3 0 4 2 5 0 1 3 
174 0 1 1 5 3 5 1 1 0 0 2 0 0 3 3 
175 2 0 5 0 0 2 1 0 0 0 0 5 0 0 2 
176 0 0 4 0 4 0 0 0 0 3 0 0 2 0 5 
177 5 0 4 0 4 0 0 4 3 0 0 0 0 1 0 
178 2 3 0 3 2 0 1 0 0 2 0 5 4 2 0 
179 0 5 5 4 0 0 5 0 0 4 0 2 1 2 5 
180 0 3 0 4 0 5 5 0 0 4 0 2 0 0 4 
181 0 4 0 3 0 3 2 0 1 1 1 3 0 3 4 
182 2 0 4 5 4 0 4 0 3 4 0 1 3 2 0 
183 5 2 0 5 5 3 3 5 2 1 2 4 0 0 0 
184 2 2 2 3 0 0 0 0 0 0 4 0 0 0 0 
185 2 5 0 5 1 3 3 0 0 2 2 0 0 0 0 
186 4 4 1 1 0 0 2 0 1 0 4 4 5 0 3 
187 5 0 3 4 4 1 1 1 0 5 4 0 3 0 3 
188 3 0 1 0 2 2 0 0 0 3 4 5 2 5 4 
189 0 0 5 3 1 2 0 0 4 0 3 0 0 0 2 
190 0 5 2 0 4 0 0 1 4 4 5 0 0 4 0 
191 0 3 2 2 0 3 1 0 0 4 3 5 0 5 0 
192 0 0 5 2 0 0 3 4 0 0 3 3 0 4 3 
193 2 1 2 3 0 0 4 1 3 3 5 2 0 0 0 
194 5 3 0 0 4 0 0 5 3 2 0 5 0 2 4 
195 1 1 0 5 1 4 3 2 2 5 0 1 5 4 1 
196 2 2 5 0 5 2 0 0 2 0 4 2 4 1 1 
197 4 2 4 1 0 2 1 3 1 0 5 4 1 4 0 
198 0 0 5 4 3 4 0 3 0 0 2 0 4 5 1 
199 1 1 4 5 1 4 4 5 0 4 2 2 2 0 0 
200 2 4 2 5 0 0 3 0 1 0 0 0 1 0 5 
201 3 2 3 5 0 0 0 0 3 4 5 1 1 0 3 
202 4 3 0 1 2 1 0 0 1 5 5 0 4 0 0 
203 0 2 1 3 1 4 3 4 3 5 0 5 0 4 0 
204 5 1 4 0 0 0 0 5 1 1 2 0 0 0 0 
205 0 2 4 5 3 0 1 2 1 0 2 3 0 1 0 
206 0 4 0 0 2 2 4 4 0 4 4 4 0 0 3 
207 3 2 0 0 0 4 4 4 5 2 0 0 5 5 0 
208 4 2 3 3 4 0 5 0 5 2 0 0 0 1 1 
209 0 0 0 2 2 4 0 5 0 4 4 0 3 1 0 
210 3 0 2 0 2 0 1 5 3 0 3 3 2 0 0 
211 0 0 3 0 0 0 2 0 0 2 4 5 5 5 0 
212 1 1 4 4 5 0 0 4 2 4 0 4 5 2 5 
213 1 4 5 0 0 2 3 4 4 1 0 0 0 0 3 
214 0 0 3 1 3 0 1 3 5 0 5 0 1 4 0 
215 0 5 2 0 0 0 2 3 1 4 3 0 5 1 0 
216 2 3 1 2 1 0 0 0 0 0 5 0 1 1 0 
217 0 0 5 5 0 0 0 5 4 3 4 0 0 2 3 
218 5 3 0 1 4 3 2 4 0 5 0 0 0 0 0 
219 0 0 4 0 0 1 3 0 0 0 1 4 4 0 2 
220 0 4 4 1 0 0 5 4 2 0 4 4 0 5 5 
221 2 3 1 0 5 0 0 1 4 5 0 0 0 4 0 
222 0 0 3 1 0 3 0 0 0 1 4 0 0 0 4 
223 3 3 3 0 0 3 0 0 0 1 2 5 0 4 0 
224 0 4 2 1 0 4 3 0 1 0 3 2 0 0 1 
225 2 4 2 4 0 4 3 0 0 5 0 0 0 0 0 
226 4 0 4 0 0 4 4 0 0 0 0 3 4 4 3 
227 4 1 0 1 0 5 5 0 4 0 2 0 0 2 2 
228 3 0 1 0 2 5 4 1 0 0 5 0 3 3 0 
229 1 0 3 0 3 3 0 0 3 1 1 4 0 5 0 
230 1 4 3 0 0 5 0 5 4 2 4 1 5 0 5 
231 0 4 0 0 5 0 0 0 0 0 0 3 0 4 0 
232 0 3 2 5 4 4 5 5 3 3 0 0 1 0 3 
233 0 0 0 0 0 4 3 3 0 3 0 5 4 0 0 
234 0 0 3 1 5 0 5 0 3 4 0 0 4 0 0 
235 5 0 0 4 4 0 1 0 2 1 0 5 0 4 3 
236 3 2 5 5 1 0 0 3 3 2 2 1 2 2 2 
237 2 4 0 1 0 0 0 4 0 5 0 0 1 0 3 
238 0 4 0 4 0 5 0 2 5 0 1 4 5 0 3 
239 0 4 5 3 1 0 2 0 1 5 4 1 3 4 2 
240 3 5 5 3 4 4 4 5 0 1 4 0 0 2 2 
241 4 1 0 0 0 1 5 1 4 3 4 0 0 0 0 
242 2 3 2 0 0 0 1 4 0 0 0 5 0 5 0 
243 1 2 4 4 4 0 2 0 0 3 2 2 5 0 0 
244 2 0 0 0 3 0 2 4 4 4 0 0 1 0 3 
245 3 0 3 0 1 0 0 0 5 1 2 0 0 0 0 
246 0 2 0 2 0 2 3 0 3 3 0 4 0 0 3 
247 4 3 4 0 2 5 2 0 2 0 5 0 0 0 0 
248 5 0 2 0 4 0 0 0 0 2 1 3 0 2 2 
249 5 3 1 0 4 1 0 0 2 0 3 4 0 0 0 
250 4 5 0 2 5 5 0 4 1 1 0 5 3 0 1 
251 0 0 5 0 1 2 0 1 0 0 0 5 0 0 3 
252 0 0 3 4 0 1 0 0 5 5 1 4 0 0 2 
253 2 5 4 0 0 0 0 3 3 0 3 0 4 1 0 
254 5 3 3 0 0 1 0 2 3 4 0 0 4 0 1 
255 1 0 0 3 2 3 4 4 5 5 3 3 1 2 0 
256 0 4 2 1 4 0 4 5 5 1 1 1 5 3 0 
257 0 1 0 2 4 5 0 3 0 3 0 5 0 1 5 
258 3 0 5 1 3 5 4 0 1 0 5 0 5 2 1 
259 3 0 4 1 0 5 2 2 4 2 5 0 2 0 0 
260 0 1 3 0 3 5 2 3 0 1 0 1 4 2 3 
261 5 5 0 0 3 0 5 1 1 0 0 2 5 0 3 
262 0 0 1 0 0 5 3 5 1 5 2 3 0 3 4 
263 1 0 1 2 4 2 4 0 0 0 5 0 2 3 4 
264 4 3 2 0 2 3 4 1 0 2 0 0 5 0 3 
265 2 5 4 2 2 4 3 0 4 4 2 2 0 0 2 
266 4 0 0 3 5 3 4 0 1 0 1 5 3 5 4 
267 2 2 1 2 0 3 0 0 0 3 0 1 0 0 0 
268 0 2 1 3 0 0 2 2 0 2 0 0 0 1 1 
269 5 0 0 1 0 2 1 4 1 4 5 0 2 2 5 
270 1 0 2 0 0 0 4 5 1 2 1 0 3 4 0 
271 0 4 0 3 5 0 0 0 0 0 5 3 0 0 0 
272 3 0 4 4 0 1 3 1 0 0 4 0 5 0 2 
273 3 0 4 2 4 1 0 0 0 0 0 4 0 0 1 
274 0 2 0 3 0 0 1 0 0 5 3 3 1 0 0 
275 4 5 3 2 3 0 1 0 0 2 4 0 2 0 2 
276 3 1 5 0 3 5 2 0 4 0 0 2 0 5 0 
277 0 5 1 2 3 4 1 1 3 0 1 0 0 3 1 
278 0 0 4 0 0 2 0 0 3 2 0 1 1 0 5 
279 5 4 0 0 4 4 0 0 4 3 1 5 0 0 5 
280 3 0 0 0 5 0 0 0 2 0 4 1 4 0 0 
281 3 0 0 1 2 0 0 1 0 0 4 0 1 0 2 
282 5 2 0 2 0 3 0 0 5 0 0 0 5 1 2 
283 4 0 2 5 4 4 0 0 5 0 0 0 3 3 0 
284 5 0 1 2 5 0 3 5 0 0 4 5 1 5 0 
285 0 2 0 0 3 0 4 0 4 0 0 1 0 0 0 
286 1 1 4 0 4 0 3 2 1 1 5 4 4 0 3 
287 2 5 0 5 0 0 0 3 2 4 2 4 0 0 0 
288 0 4 4 4 4 0 3 3 2 0 2 2 0 2 3 
289 0 5 0 1 0 3 4 0 0 3 3 0 0 5 0 
290 1 0 4 4 0 0 2 0 2 0 0 3 1 0 3 
291 3 5 5 5 1 3 4 2 4 2 5 1 0 4 1 
292 4 2 5 0 1 3 0 2 4 5 1 0 2 0 5 
293 1 3 2 3 0 3 2 2 0 4 0 5 3 0 5 
294 0 0 0 0 0 0 2 0 5 0 3 0 2 0 2 
295 4 3 0 0 2 0 1 2 5 0 0 5 3 5 4 
296 4 2 5 0 0 0 0 3 0 3 4 0 5 2 3 
297 0 4 3 5 0 2 4 3 2 1 4 4 0 3 5 
298 0 0 1 0 2 0 1 0 5 4 0 3 2 3 0 
299 5 2 5 3 0 0 5 0 5 2 0 0 0 3 0 
300 0 4 0 0 1 0 0 4 0 5 5 4 0 1 4 
301 0 2 0 0 4 2 0 2 2 5 0 1 0 0 3 
302 4 0 3 2 0 2 2 5 4 5 0 0 1 3 0 
303 3 0 0 5 1 4 5 4 5 0 0 0 4 0 0 
304 0 4 3 5 2 4 5 0 3 2 4 1 0 3 1 
305 0 1 0 3 2 0 0 5 2 2 0 0 1 5 1 
306 0 4 0 0 3 5 5 0 4 0 0 2 0 2 0 
307 0 0 2 3 4 0 4 3 0 3 2 4 0 2 0 
308 0 0 0 2 2 0 0 2 0 4 1 3 0 5 5 
309 4 5 1 0 5 2 5 0 0 3 1 3 2 3 2 
310 5 3 0 5 0 0 3 2 3 1 1 5 4 0 0 
311 1 4 3 5 4 0 4 1 3 4 1 1 5 2 0 
312 0 5 4 0 1 4 0 2 1 3 5 0 1 0 2 
313 1 0 0 5 4 5 5 2 4 0 0 2 0 4 0 
314 3 0 0 3 0 5 5 3 1 0 0 3 5 0 3 
315 3 0 0 0 0 0 1 3 0 1 3 2 2 3 3 
316 4 0 4 3 1 1 1 0 0 3 3 0 3 0 0 
317 1 3 0 0 3 5 0 3 0 4 0 0 0 0 0 
318 2 5 0 1 4 2 0 0 0 5 0 0 4 0 0 
319 2 3 5 5 0 0 0 2 3 0 0 0 0 0 0 
320 4 5 0 0 5 3 5 2 4 0 1 0 2 3 0 
321 0 0 0 0 5 0 0 0 1 5 0 0 0 3 1 
322 3 0 3 3 1 0 0 5 2 0 5 0 3 5 0 
323 0 5 0 5 0 4 0 5 0 0 0 3 0 0 0 
324 0 0 0 0 0 0 5 0 0 0 0 3 1 2 2 
325 4 0 3 1 5 1 1 0 0 3 0 5 0 0 4 
326 0 0 1 0 1 4 2 0 1 0 5 0 3 0 3 
327 4 5 0 2 0 5 0 0 4 4 2 0 4 0 2 
328 0 0 0 2 1 3 2 0 0 0 0 0 4 0 0 
329 0 4 2 0 0 5 0 0 0 2 0 1 0 4 3 
330 1 0 1 0 5 0 0 1 0 3 0 0 4 3 0 
331 1 1 2 0 5 5 5 1 0 0 4 2 4 0 1 
332 5 0 0 0 4 5 3 3 0 1 5 1 2 0 3 
333 0 3 0 0 5 0 0 1 0 1 0 1 2 0 3 
334 0 5 2 3 2 3 5 5 4 4 3 1 0 3 1 
335 1 0 1 0 0 0 0 5 1 5 2 5 2 0 1 
336 3 1 0 0 0 5 4 3 1 2 2 0 1 0 0 
337 3 4 3 0 0 0 2 2 3 0 2 0 4 0 0 
338 0 3 5 4 5 2 3 0 3 0 2 0 5 0 0 
339 4 0 0 0 0 1 4 0 1 5 4 1 4 4 5 
340 5 0 2 1 0 0 0 0 1 2 2 3 4 0 0 
341 2 0 0 0 0 1 0 3 0 0 3 0 5 1 0 
342 0 2 4 0 2 0 4 5 0 0 0 0 3 0 3 
343 3 2 0 0 2 0 0 0 2 0 4 0 0 0 1 
344 0 5 0 0 4 0 0 0 0 1 0 3 5 1 0 
345 1 0 2 2 0 1 4 0 2 3 3 0 0 0 2 
346 0 3 0 3 4 0 0 2 3 0 4 5 4 3 1 
347 0 2 1 0 1 0 0 5 5 0 0 0 5 0 3 
348 0 0 1 0 1 1 0 0 5 0 3 2 3 0 0 
349 4 0 4 1 0 5 0 0 5 3 5 3 3 0 2 
350 0 4 0 3 4 2 2 4 5 5 0 0 0 1 1 
351 1 0 0 0 5 0 1 0 0 0 1 4 5 0 0 
352 1 3 0 0 0 2 4 0 0 5 2 0 0 5 0 
353 0 1 2 5 0 0 5 2 3 0 0 4 1 5 0 
354 0 0 0 4 0 2 0 0 0 0 5 5 4 5 0 
355 2 0 2 1 5 3 3 3 2 0 0 0 0 1 0 
356 0 1 1 2 4 0 5 4 3 5 0 2 4 1 4 
357 0 0 4 0 0 4 0 4 5 4 1 2 0 0 0 
358 2 0 2 0 0 0 0 5 3 0 1 2 2 0 0 
359 0 2 3 0 0 0 0 0 0 4 3 5 0 5 0 
360 1 1 5 0 2 0 4 1 0 3 2 0 3 4 5 
361 2 3 2 0 0 0 0 1 5 5 0 0 1 0 5 
362 0 0 0 0 0 3 2 1 3 0 1 2 0 1 0 
363 2 2 2 5 5 0 3 4 4 0 0 4 1 3 2 
364 2 0 0 1 5 0 5 5 3 0 0 1 0 2 2 
365 3 1 1 2 0 3 0 0 1 2 0 4 3 0 3 
366 4 0 5 0 3 0 1 3 0 2 3 3 0 0 1 
367 3 4 1 2 0 4 3 1 4 4 3 0 0 3 2 
368 3 0 4 0 0 2 1 0 2 2 3 4 3 0 0 
369 1 0 3 1 1 3 4 3 1 3 5 0 1 0 5 
370 2 0 3 0 0 3 3 4 0 1 5 2 0 5 0 
371 1 1 0 2 0 4 5 0 2 2 1 4 0 0 4 
372 2 4 4 2 4 0 4 0 0 1 1 0 2 0 2 
373 0 0 5 0 0 5 0 4 1 2 5 0 1 0 5 
374 0 0 2 0 3 1 1 1 5 3 2 4 4 1 2 
375 0 0 0 0 0 0 5 1 1 1 2 0 5 2 5 
376 1 4 3 0 0 2 4 0 0 1 0 0 5 5 1 
377 5 0 1 0 1 0 2 0 0 2 1 1 0 0 3 
378 4 5 1 3 2 3 5 4 0 4 0 1 0 0 3 
379 5 1 5 4 0 3 4 0 4 3 2 2 2 2 0 
380 5 5 0 1 2 0 3 0 0 0 0 1 1 2 0 
381 0 3 0 3 5 0 0 0 2 0 4 0 0 3 0 
382 0 2 0 0 0 5 0 3 4 0 0 2 2 0 0 
383 2 2 0 5 0 0 0 0 4 3 0 5 0 3 3 
384 5 5 3 0 3 5 0 0 0 0 0 3 2 2 3 
385 0 5 0 0 5 1 2 4 5 2 2 1 0 0 0 
386 0 0 0 0 0 0 4 4 3 0 0 3 3 1 0 
387 2 0 2 1 4 0 0 4 0 0 3 0 4 4 3 
388 0 0 0 3 0 3 0 0 4 0 0 2 4 0 1 
389 0 2 0 1 0 1 0 0 0 3 0 5 5 0 0 
390 0 1 0 0 1 3 0 0 3 4 0 0 5 0 3 
391 3 5 0 1 1 0 0 5 3 0 0 1 2 0 0 
392 4 2 1 2 3 0 1 4 0 0 4 4 4 0 1 
393 0 3 3 2 3 2 3 3 5 0 2 2 5 2 4 
394 0 0 4 0 0 0 4 4 0 0 3 5 5 5 5 
395 3 0 0 4 5 0 0 3 0 0 0 0 2 0 0 
396 0 0 0 0 2 4 3 2 2 0 0 2 0 0 0 
397 1 0 1 0 2 0 1 3 5 3 3 5 0 5 3 
398 4 4 5 0 2 2 5 0 0 0 0 0 5 0 4 
399 0 4 5 3 3 2 5 2 0 2 4 5 0 0 0 
400 2 3 5 1 4 2 3 3 0 0 3 5 1 2 4 
401 5 0 2 2 0 0 3 0 2 0 0 5 0 0 4 
402 0 2 0 2 0 0 0 3 1 0 0 0 3 0 3 
403 3 0 0 0 0 5 0 3 0 0 5 4 3 0 4 
404 0 0 3 0 0 0 4 1 0 1 1 0 0 3 2 
405 0 0 3 1 0 0 2 0 0 0 0 4 0 5 2 
406 0 0 3 5 4 4 0 0 5 5 3 1 3 4 1 
407 0 1 2 5 0 4 3 0 0 0 1 0 0 5 1 
408 5 4 2 1 1 0 0 0 2 3 1 0 5 4 2 
409 3 3 2 4 3 3 0 0 1 0 0 2 4 3 0 
410 1 4 5 0 1 3 4 1 0 0 0 2 5 4 2 
411 0 1 5 0 4 0 1 3 0 4 0 4 4 0 0 
412 3 2 0 0 5 0 0 0 1 2 1 0 3 1 2 
413 1 2 5 5 1 0 5 1 0 0 0 3 0 5 0 
414 2 0 1 0 1 0 0 3 3 1 0 0 4 0 1 
415 3 2 0 1 5 4 4 1 0 1 1 0 5 2 2 
416 5 0 0 0 0 0 5 0 3 1 5 0 4 4 2 
417 1 4 0 2 4 5 0 4 2 0 0 0 3 4 4 
418 0 5 2 0 2 0 0 4 3 1 3 4 2 5 5 
419 5 0 2 0 2 2 1 2 3 0 0 0 0 5 0 
420 2 4 0 0 0 5 5 1 2 1 0 2 0 0 0 
421 0 0 2 5 1 5 3 0 0 0 0 0 3 2 4 
422 0 4 1 4 0 0 0 0 0 0 0 2 0 3 0 
423 0 0 0 2 2 3 3 0 3 3 0 0 0 2 1 
424 0 0 1 4 1 5 0 0 0 0 3 0 4 0 4 
425 5 4 5 1 2 1 2 3 0 1 3 0 1 5 2 
426 0 5 0 3 0 4 5 0 0 0 0 0 3 0 0 
427 3 0 2 2 4 0 4 0 4 2 4 0 4 4 3 
428 1 0 0 0 0 4 0 0 0 0 2 4 0 4 0 
429 5 0 0 1 0 0 5 0 4 0 5 2 1 0 5 
430 2 4 0 0 0 0 4 4 0 5 0 2 4 2 0 
431 5 0 3 0 5 2 5 3 0 1 0 2 0 3 0 
432 0 0 0 1 0 0 5 0 0 4 0 0 1 0 0 
433 5 2 2 4 5 3 4 0 3 0 0 0 0 0 0 
434 0 0 5 2 2 0 2 2 0 3 5 5 3 0 0 
435 0 1 1 0 0 1 0 5 2 4 0 4 0 3 0 
436 3 0 2 0 0 3 0 2 5 3 1 0 3 4 4 
437 0 5 0 5 2 5 5 2 0 3 3 3 0 0 3 
438 0 0 0 0 1 3 0 0 5 4 3 0 3 3 1 
439 4 3 1 1 3 4 2 4 0 4 0 0 3 2 0 
440 1 1 3 4 0 0 0 2 0 0 2 0 0 0 1 
441 5 5 4 2 5 5 1 4 0 2 2 3 0 1 1 
442 3 0 3 3 0 0 0 1 0 1 0 4 2 0 1 
443 4 3 3 2 4 0 0 0 3 0 3 3 5 0 2 
444 2 5 1 0 0 3 5 5 5 2 0 0 0 0 0 
445 0 0 4 4 1 1 0 3 0 5 1 1 0 0 0 
446 0 0 3 0 0 0 0 3 5 0 0 0 5 4 0 
447 0 5 0 3 0 4 0 0 4 1 2 0 3 1 0 
448 0 5 4 3 3 5 0 2 1 0 1 1 1 1 0 
449 4 3 0 0 0 2 0 0 3 1 2 0 1 0 2 
450 0 2 0 0 2 5 5 5 4 2 3 2 3 2 0 
451 0 0 0 5 0 0 0 2 3 3 1 0 0 5 0 
452 0 0 0 4 0 0 0 0 0 3 0 4 4 3 0 
453 2 5 0 1 2 0 2 0 0 0 3 1 0 0 0 
454 1 2 3 1 1 3 3 4 0 0 4 0 0 2 2 
455 5 2 5 0 3 0 4 5 0 2 5 1 1 5 2 
456 0 3 2 0 4 1 5 0 3 2 5 2 0 1 0 
457 4 1 2 0 0 0 1 1 1 5 0 5 0 1 0 
458 0 2 4 3 0 3 5 4 1 2 0 2 2 1 0 
459 4 1 4 2 2 2 0 4 4 0 3 0 3 0 0 
460 2 0 4 0 3 2 0 4 3 4 0 0 0 0 0 
461 0 0 4 3 5 0 2 3 0 0 4 2 1 0 2 
462 0 1 2 0 1 2 0 2 0 2 0 3 3 4 0 
463 3 4 0 2 3 0 4 0 5 1 3 0 0 3 0 
464 4 2 3 0 0 4 0 1 3 5 0 5 0 0 0 
465 1 3 0 0 1 0 4 0 0 0 0 0 5 4 2 
466 3 5 3 4 0 4 0 0 0 0 1 0 2 0 0 
467 5 0 0 4 5 4 3 2 5 0 0 5 3 0 1 
468 0 5 0 3 4 1 0 0 1 2 4 1 0 0 0 
469 3 5 4 4 4 0 0 0 0 1 0 0 5 2 3 
470 0 2 0 4 1 0 0 1 1 0 4 2 3 4 2 
471 1 3 0 5 0 0 0 4 0 0 0 5 0 5 2 
472 0 0 0 1 5 5 0 1 5 3 0 1 0 0 0 
473 0 3 5 0 0 0 0 2 5 0 2 2 0 3 4 
474 0 2 4 4 3 5 0 3 0 2 1 1 0 1 3 
475 1 5 4 3 1 0 0 2 4 5 3 0 1 1 3 
476 4 0 0 0 0 5 3 3 4 5 5 0 2 0 4 
477 5 0 0 3 3 2 0 0 4 2 0 3 0 4 5 
478 3 0 0 5 0 0 0 4 5 0 0 5 0 0 1 
479 3 3 0 1 2 2 1 4 5 1 2 0 5 1 0 
480 0 0 2 1 1 4 2 5 0 0 1 4 3 2 0 
481 5 0 0 0 2 0 0 0 0 0 0 0 0 0 0 
482 5 0 1 1 3 1 4 5 1 0 0 2 5 1 3 
483 4 1 0 4 5 0 5 3 3 1 5 5 3 0 0 
484 5 0 4 3 2 3 0 0 0 0 3 0 2 4 3 
485 5 0 1 0 3 0 0 4 3 2 3 0 0 3 3 
486 0 0 0 0 1 3 0 5 5 3 5 0 1 4 3 
487 1 0 1 3 5 0 0 1 5 4 0 2 0 3 4 
488 1 0 4 5 2 4 2 1 5 0 3 0 3 5 1 
489 5 4 1 0 5 1 0 3 5 2 5 1 2 0 4 
490 3 0 0 5 0 1 2 5 1 0 0 2 5 1 0 
491 3 1 0 0 0 0 0 4 2 3 0 0 4 2 0 
492 5 0 3 5 2 3 0 0 2 4 3 5 0 1 0 
493 0 2 0 5 4 0 0 2 5 0 0 4 3 1 2 
494 4 2 1 0 2 3 1 1 3 4 3 4 3 5 2 
495 0 0 2 2 2 1 3 0 5 1 3 0 0 0 3 
496 0 5 2 3 4 1 0 0 3 1 5 1 0 2 2 
497 0 5 3 3 0 0 5 2 1 5 0 3 2 0 0 
498 1 1 2 0 1 4 4 3 4 4 3 0 0 0 2 
499 3 0 4 1 0 0 0 3 0 0 5 0 2 2 4 
500 1 0 1 0 0 5 3 5 0 0 1 0 4 2 2 
501 0 5 5 0 0 2 4 1 2 3 0 0 0 0 0 
502 3 0 0 5 4 5 0 1 2 0 1 0 3 0 3 
503 2 2 0 5 1 5 2 3 4 1 0 1 5 5 4 
504 1 0 0 5 1 0 0 0 0 4 0 2 1 4 0 
505 0 4 1 5 5 0 3 0 0 0 0 3 1 4 3 
506 5 4 4 0 1 4 1 0 4 2 0 3 0 5 0 
507 3 3 0 2 0 0 2 1 0 0 0 0 2 0 3 
508 0 0 4 4 1 5 4 0 0 3 3 3 0 0 5 
509 2 0 2 0 3 5 0 5 5 0 2 0 1 5 5 
510 5 3 3 4 0 3 0 1 0 2 0 4 0 0 0 
511 0 0 0 0 2 0 0 5 5 0 1 2 1 4 4 
512 0 2 4 3 0 3 2 0 5 4 5 0 4 0 0 
513 0 0 0 0 0 2 3 4 2 5 2 3 0 3 1 
514 1 5 0 0 0 1 0 3 5 3 5 0 1 0 4 
515 0 3 0 0 2 0 0 4 1 0 1 0 3 0 3 
516 1 0 0 0 0 5 0 2 5 0 0 0 4 0 3 
517 2 4 3 4 0 0 2 5 0 0 0 0 1 0 0 
518 5 1 1 0 0 3 2 0 0 0 4 1 0 0 1 
519 1 2 5 5 0 0 3 0 0 4 5 4 4 1 3 
520 0 2 0 5 0 5 1 0 1 0 0 1 0 1 0 
521 5 1 0 0 4 4 0 5 0 0 1 2 0 0 0 
522 0 0 4 1 0 0 0 5 2 0 3 0 0 1 5 
523 4 5 0 5 5 2 2 5 2 0 3 5 0 0 0 
524 0 1 0 4 0 4 4 0 0 1 5 0 2 2 3 
525 1 2 0 0 2 0 1 1 5 0 0 4 0 0 3 
526 0 5 5 1 0 5 0 0 3 0 1 5 1 4 5 
527 3 0 3 3 1 1 2 1 4 4 0 5 4 0 0 
528 1 0 0 2 3 0 0 0 0 0 4 3 0 0 2 
529 0 4 0 4 2 3 3 5 3 0 1 1 1 0 1 
530 3 4 0 1 0 0 0 0 5 1 4 0 2 0 0 
531 0 0 1 5 1 0 0 4 0 0 1 0 1 0 0 
532 3 3 5 0 1 0 4 5 5 3 0 4 4 5 0 
533 4 4 2 4 0 1 4 0 2 5 0 0 1 1 5 
534 4 0 5 2 0 1 5 2 4 5 5 0 3 0 1 
535 0 1 4 5 1 5 0 0 5 0 3 2 1 4 1 
536 0 4 5 5 0 0 3 5 1 3 0 5 0 0 5 
537 1 0 0 0 2 3 0 4 4 0 4 5 2 0 4 
538 0 2 2 4 0 0 5 0 4 2 3 4 2 0 0 
539 0 0 3 0 2 4 3 4 1 0 4 5 3 1 4 
540 0 0 0 4 0 3 5 0 3 4 1 5 0 4 5 
541 0 0 0 0 2 0 4 5 1 0 0 2 2 0 4 
542 0 4 0 0 0 1 0 0 1 2 5 4 1 2 5 
543 4 0 0 5 0 2 0 3 2 2 1 3 0 0 0 
544 3 1 2 3 0 0 5 1 0 0 0 0 0 1 1 
545 0 2 0 0 2 2 3 0 2 4 0 2 0 2 3 
546 5 4 2 0 1 0 5 0 0 0 2 0 0 4 4 
547 0 0 2 2 1 0 4 4 3 1 0 0 4 3 0 
548 1 0 1 3 0 0 0 2 3 0 3 0 3 1 1 
549 5 1 0 0 4 5 1 3 2 0 2 0 0 0 0 
550 5 0 0 0 1 2 2 0 4 1 0 0 2 2 0 
551 3 5 0 0 3 3 1 0 1 0 4 4 0 0 1 
552 4 5 0 1 2 2 0 5 0 0 0 5 1 0 0 
553 0 3 0 2 0 0 5 0 0 3 1 2 0 0 2 
554 0 2 5 4 0 0 4 1 5 1 0 3 4 4 0 
555 2 1 2 0 5 0 1 4 0 0 2 0 4 0 2 
556 1 5 4 0 0 3 0 0 4 3 5 0 4 4 0 
557 3 0 0 0 2 0 1 2 0 2 0 0 0 3 5 
558 0 0 0 0 0 3 1 0 0 5 0 0 5 0 4 
559 0 0 3 0 4 2 3 0 5 5 0 2 1 2 0 
560 3 3 0 0 1 0 1 0 0 0 5 2 1 5 5 
561 3 4 5 1 2 5 0 1 3 3 0 4 1 5 2 
562 0 0 4 0 2 5 5 2 2 0 1 0 0 2 0 
563 0 0 0 5 1 5 0 0 2 3 0 0 0 0 4 
564 0 0 4 2 5 0 4 2 5 5 5 3 4 0 0 
565 2 0 4 2 4 4 4 3 3 0 5 0 3 1 0 
566 4 2 0 4 0 0 0 4 0 1 2 4 4 4 0 
567 3 0 1 2 4 3 3 4 0 5 3 4 5 2 4 
568 0 1 0 0 1 0 0 3 4 2 1 4 2 5 0 
569 5 4 0 2 0 0 2 1 0 4 0 0 0 2 0 
570 4 3 1 2 3 0 0 0 2 5 0 0 0 0 4 
571 4 5 1 0 0 0 2 0 5 0 4 0 2 0 0 
572 0 0 0 5 0 0 5 0 0 2 0 5 2 0 0 
573 0 1 1 3 0 0 5 5 2 1 4 0 0 0 0 
574 5 4 5 3 5 2 1 0 0 0 0 3 1 0 0 
575 0 0 0 0 0 0 2 3 0 4 0 0 0 4 1 
576 1 5 1 3 0 4 3 0 2 4 4 0 3 1 2 
577 3 0 4 0 0 1 1 4 5 0 3 3 2 3 0 
578 3 5 0 5 0 2 5 3 3 5 4 2 4 1 4 
579 0 2 5 0 0 1 0 4 3 2 0 3 4 0 3 
580 1 4 2 0 2 0 0 5 4 3 2 0 1 5 0 
581 0 0 2 3 3 2 3 3 4 0 4 0 0 0 0 
582 5 2 0 0 5 5 0 0 2 0 0 0 4 3 0 
583 0 4 0 3 0 1 0 0 0 0 2 3 3 0 0 
584 0 0 4 0 0 0 3 1 0 0 0 2 2 2 0 
585 1 0 0 0 4 0 0 0 1 3 0 5 4 4 1 
586 0 3 2 5 0 1 0 4 0 5 5 0 4 4 5 
587 0 1 3 1 0 3 0 3 3 2 0 2 1 0 5 
588 2 0 0 0 3 0 5 0 5 4 3 0 4 0 0 
589 2 0 0 1 0 0 0 4 2 0 5 0 2 0 0 
590 0 4 3 0 0 0 2 1 0 2 2 3 0 3 0 
591 4 0 3 0 4 3 0 3 4 0 5 1 0 0 0 
592 0 0 2 0 3 3 0 0 1 0 3 1 0 0 0 
593 4 0 2 0 0 0 3 0 0 0 0 5 0 1 1 
594 2 2 0 0 0 5 2 1 0 4 0 1 0 4 1 
595 2 3 1 0 2 1 0 3 5 0 5 1 0 4 0 
596 2 0 3 5 1 0 1 0 5 0 3 0 3 4 3 
597 3 0 5 0 0 2 3 5 0 5 0 2 4 2 0 
598 5 2 0 2 5 4 2 3 5 0 0 0 0 3 0 
599 0 2 2 0 4 2 2 5 0 5 4 4 0 3 3 
600 0 3 5 1 0 0 4 0 5 0 2 0 5 2 5 
601 4 3 0 2 0 2 3 0 0 0 1 1 5 3 2 
602 3 3 1 0 0 0 3 0 5 2 0 3 0 3 4 
603 3 0 0 5 2 4 0 0 0 2 1 2 3 5 0 
604 1 4 0 4 0 5 5 5 1 0 0 0 1 5 4 
605 0 0 0 0 2 0 2 0 0 0 0 2 0 1 0 
606 2 5 3 3 0 3 2 0 0 4 0 4 2 0 0 
607 2 5 5 2 1 3 0 2 0 5 0 0 0 0 3 
608 0 3 0 0 3 2 0 0 0 0 4 0 0 0 3 
609 5 0 3 3 0 0 3 0 0 1 2 4 1 3 0 
610 0 0 5 0 5 2 3 0 2 5 4 3 1 0 5 
611 0 1 0 4 2 2 1 2 0 0 4 2 3 2 5 
612 5 5 5 5 0 0 4 0 2 1 3 0 2 0 0 
613 0 3 0 4 0 0 0 2 0 0 0 0 4 3 0 
614 0 3 0 1 0 1 4 0 3 3 0 3 4 5 0 
615 0 3 0 5 3 1 3 0 4 3 0 1 1 5 4 
616 5 1 1 3 1 0 3 0 2 1 5 5 1 0 0 
617 0 0 0 0 4 3 4 2 3 0 0 1 0 5 0 
618 0 0 1 2 0 2 5 0 0 0 2 5 0 0 2 
619 2 3 0 3 4 0 4 0 3 0 0 0 0 5 2 
620 1 4 0 1 4 3 0 3 0 3 2 3 1 0 2 
621 3 5 5 1 5 0 2 0 0 0 0 2 3 3 3 
622 4 0 0 1 0 1 4 5 5 0 0 3 4 2 3 
623 0 0 1 0 0 0 0 5 0 4 3 4 3 1 1 
624 0 0 2 0 0 3 0 1 1 0 3 5 5 2 0 
625 4 1 1 0 1 0 0 0 0 3 4 1 3 3 2 
626 0 0 1 1 3 0 4 0 0 4 4 1 0 0 5 
627 2 0 3 0 0 3 0 3 2 2 5 0 0 2 0 
628 0 1 0 5 3 4 0 0 1 3 1 0 0 0 0 
629 5 1 0 3 1 1 5 4 0 0 0 1 5 0 1 
630 3 2 0 0 0 5 1 5 2 0 3 0 0 1 5 
631 1 0 2 5 0 5 1 1 0 0 2 0 0 0 2 
632 0 2 0 0 0 4 1 5 5 2 0 5 2 2 0 
633 0 2 0 1 0 5 5 0 3 5 0 4 1 0 0 
634 5 4 1 0 1 5 2 0 4 0 4 4 0 2 2 
635 0 5 5 0 0 0 0 2 5 4 0 0 0 0 0 
636 2 2 5 1 2 3 5 5 0 2 2 0 0 5 1 
637 0 4 0 3 0 2 0 0 4 4 0 3 1 0 4 
638 1 0 0 4 0 0 0 4 5 0 0 4 0 5 3 
639 4 3 3 4 0 0 5 2 5 5 4 5 0 1 0 
640 4 0 0 3 4 1 0 0 0 5 5 2 0 1 5 
641 0 2 0 2 3 0 0 0 1 1 0 0 0 0 0 
642 0 0 1 1 0 5 0 1 0 0 4 0 0 0 0 
643 5 2 1 0 0 3 0 4 1 3 2 2 0 0 0 
644 5 0 0 2 0 3 5 0 0 5 0 0 5 2 0 
645 0 1 1 4 1 1 1 5 1 4 4 1 5 2 3 
646 5 0 4 0 0 4 2 2 0 0 0 0 0 0 0 
647 2 0 0 3 2 4 1 4 1 0 5 0 2 0 1 
648 2 0 0 1 4 1 0 2 0 4 3 4 3 3 3 
649 0 5 2 1 0 0 0 2 0 3 2 4 0 1 1 
650 0 0 1 0 1 5 0 3 3 0 5 0 2 0 5 
651 0 1 0 2 0 0 1 1 0 3 2 0 0 2 4 
652 3 0 1 4 0 3 3 0 0 1 3 2 3 0 0 
653 4 2 0 4 5 0 5 1 3 5 4 4 0 5 0 
654 5 0 5 0 5 2 3 0 0 0 1 3 5 2 3 
655 1 4 1 0 0 1 0 1 0 0 0 4 0 0 3 
656 0 2 1 0 2 0 1 0 0 4 4 2 0 1 0 
657 1 3 0 3 2 1 3 4 0 5 5 0 3 4 1 
658 5 0 0 5 1 2 3 0 1 2 2 1 5 0 0 
659 3 1 4 3 0 1 4 5 1 2 4 1 1 0 0 
660 5 3 0 0 0 0 4 5 0 0 1 2 1 0 3 
661 1 5 1 0 5 3 4 3 0 4 0 1 4 1 0 
662 5 5 0 0 1 5 0 2 3 0 2 3 0 0 0 
663 0 1 0 1 1 0 4 5 5 0 0 3 0 0 4 
664 0 2 0 0 2 0 3 2 2 0 2 0 3 0 2 
665 5 3 4 5 1 0 0 0 5 0 3 1 4 0 1 
666 4 5 0 1 1 0 1 0 2 2 3 3 0 2 3 
667 2 0 5 1 4 1 2 0 0 5 5 5 4 2 5 
668 0 0 4 2 0 0 3 4 4 3 3 0 4 2 1 
669 1 1 0 2 0 3 5 5 0 3 0 0 5 1 3 
670 0 0 0 0 5 0 0 0 1 4 3 0 0 0 3 
671 3 5 5 5 1 0 5 0 2 3 1 0 0 5 4 
672 0 0 4 0 5 4 3 3 4 1 3 1 2 1 0 
673 5 5 0 5 1 0 2 3 0 0 4 4 0 0 3 
674 4 2 0 0 0 2 1 0 3 1 0 0 5 1 5 
675 0 0 0 5 1 1 2 4 4 4 2 0 0 0 0 
676 0 1 4 2 4 3 2 0 3 4 0 3 0 5 0 
677 0 0 0 0 3 0 0 0 0 0 4 2 1 0 2 
678 1 2 4 5 5 3 4 4 0 3 0 2 1 0 0 
679 0 3 1 5 0 0 4 1 0 2 0 0 0 0 0 
680 2 4 2 1 5 5 0 3 0 2 1 2 0 1 2 
681 0 0 1 1 0 3 0 1 2 0 0 5 0 0 0 
682 0 0 4 2 1 4 0 0 0 3 0 1 0 0 2 
683 0 0 0 0 3 0 0 2 4 2 2 0 0 0 1 
684 3 0 0 3 0 0 4 0 1 0 0 0 0 2 1 
685 0 5 0 5 3 0 4 0 1 0 0 3 0 1 0 
686 4 1 3 0 5 2 2 0 0 4 3 1 2 1 0 
687 0 0 0 0 3 2 4 4 0 0 3 2 0 0 1 
688 1 0 2 0 4 0 1 1 1 1 5 2 4 2 2 
689 3 5 0 2 0 3 3 5 0 0 0 4 2 0 3 
690 0 5 3 0 0 0 0 0 4 5 3 0 0 2 4 
691 0 1 3 1 0 0 0 3 2 0 2 0 4 4 3 
692 4 0 5 2 2 0 4 5 5 1 0 5 5 0 0 
693 3 2 0 1 4 0 5 0 2 0 3 0 1 0 0 
694 4 4 0 0 4 4 5 5 0 2 0 0 1 0 2 
695 1 0 3 1 0 4 2 1 0 0 4 4 5 0 5 
696 0 1 3 0 4 0 3 4 0 3 0 0 2 0 3 
697 0 0 2 3 3 0 1 4 3 0 0 0 0 0 2 
698 5 0 0 4 0 0 5 5 5 0 0 5 1 2 4 
699 0 3 4 0 5 3 0 3 0 0 3 0 0 3 5 
700 0 0 0 3 0 1 2 0 5 2 0 4 5 3 4 
701 0 3 4 0 4 0 3 5 1 1 5 0 3 1 4 
702 5 4 0 1 1 0 3 2 4 5 5 0 5 3 0 
703 1 0 2 0 0 5 0 0 2 2 0 0 4 3 1 
704 3 1 2 5 4 3 5 0 2 1 0 0 2 0 0 
705 5 4 3 2 0 0 1 0 2 4 1 0 2 0 0 
706 0 0 2 1 0 2 4 3 1 0 5 0 0 3 0 
707 0 0 5 0 0 2 0 5 0 2 0 1 4 2 0 
708 4 1 0 5 0 3 0 4 0 0 1 3 3 1 0 
709 0 4 5 5 0 0 0 0 3 0 0 4 5 0 4 
710 2 0 0 5 0 2 0 0 0 1 3 4 0 5 5 
711 1 4 3 5 0 3 4 2 0 2 5 0 0 2 4 
712 0 5 0 0 0 0 0 0 0 2 2 0 0 0 1 
713 5 0 0 0 0 0 2 1 0 0 0 0 0 3 2 
714 4 3 0 3 3 1 5 4 4 0 1 4 2 4 2 
715 4 3 1 1 5 0 1 0 0 0 4 3 1 3 4 
716 0 3 0 0 1 4 5 5 4 0 0 0 3 5 2 
717 1 4 0 3 3 0 4 3 0 0 2 0 0 0 2 
718 5 1 2 1 3 1 0 0 0 0 0 0 3 3 3 
719 0 3 0 0 0 0 5 2 2 0 2 0 3 5 0 
720 0 3 3 1 1 1 0 1 2 0 3 1 5 5 0 
721 1 1 5 4 2 1 3 0 0 3 0 4 0 3 4 
722 0 2 3 0 0 5 0 0 0 4 2 4 0 5 5 
723 5 5 0 0 1 1 0 2 0 2 0 4 5 0 0 
724 1 0 5 1 0 0 2 5 5 0 0 1 0 0 0 
725 0 0 2 0 1 0 3 0 1 0 0 0 0 0 0 
726 4 1 0 0 1 0 0 0 5 1 4 0 0 3 3 
727 2 1 0 0 5 0 4 0 0 0 0 1 1 0 0 
728 4 0 0 0 0 1 2 3 0 3 1 0 2 0 3 
729 5 0 0 0 0 0 5 0 2 0 2 0 5 0 2 
730 0 0 5 0 0 0 0 2 4 1 3 0 2 0 0 
731 1 0 0 1 0 0 2 4 4 0 1 0 5 0 1 
732 4 0 1 1 0 2 5 0 3 2 2 5 2 3 0 
733 5 1 2 2 2 0 3 0 1 0 2 5 0 0 5 
734 0 0 2 5 5 4 0 5 3 0 4 0 5 1 0 
735 1 0 1 3 3 4 4 0 4 0 4 1 2 1 4 
736 2 2 5 3 0 0 0 0 0 3 0 3 1 4 2 
737 4 4 0 0 1 0 2 0 5 0 1 0 3 3 3 
738 0 3 0 4 0 3 0 1 0 0 4 0 0 3 0 
739 0 0 0 2 0 0 5 1 0 0 1 0 0 0 0 
740 1 0 0 5 1 5 4 0 0 0 5 1 3 1 3 
741 4 2 0 5 4 0 4 0 0 0 2 2 5 5 4 
742 0 4 4 3 0 2 3 3 2 0 0 2 0 0 0 
743 0 2 1 5 0 5 5 0 1 0 4 2 3 0 0 
744 3 0 1 0 0 4 1 1 3 0 5 5 1 0 3 
745 1 3 3 0 3 1 4 4 5 1 3 0 4 0 0 
746 5 5 0 0 0 4 5 4 0 0 0 0 4 0 0 
747 0 0 4 0 0 0 2 0 0 0 0 0 2 0 0 
748 5 5 4 0 0 2 0 1 1 0 0 0 1 0 5 
749 1 0 5 0 0 5 0 0 0 0 0 1 0 5 5 
750 0 4 4 5 0 1 1 0 0 5 0 5 2 4 1 
751 2 0 2 1 0 0 0 2 5 4 4 3 5 3 5 
752 0 2 5 4 4 4 3 0 0 0 0 0 4 0 0 
753 0 5 4 0 5 4 1 4 0 0 0 5 2 1 5 
754 0 1 3 0 3 5 0 0 0 5 0 5 0 3 4 
755 4 0 3 0 5 4 0 0 0 0 0 1 5 1 3 
756 0 5 0 4 0 0 3 1 1 1 3 4 1 3 0 
757 4 2 2 2 1 0 0 0 0 3 0 0 0 0 3 
758 4 4 5 0 0 0 1 1 3 4 0 5 0 0 3 
759 2 0 0 1 4 0 5 1 4 3 0 4 2 4 2 
760 1 0 0 1 0 2 4 5 0 0 5 5 5 0 4 
761 0 2 0 5 2 4 0 3 0 1 2 1 0 5 4 
762 1 1 2 0 1 4 0 0 0 3 0 0 4 0 0 
763 0 0 5 3 4 4 5 3 0 0 3 5 1 4 3 
764 0 0 3 0 0 1 2 1 3 0 3 5 5 2 3 
765 2 4 3 2 1 1 4 0 5 0 0 5 0 0 0 
766 3 3 0 2 0 4 5 4 5 0 0 3 0 5 0 
767 4 0 0 2 3 0 0 2 5 3 0 0 2 0 3 
768 3 3 2 0 0 0 0 0 0 3 3 0 0 3 2 
769 0 0 0 4 3 5 0 5 1 1 3 4 3 1 2 
770 0 3 0 0 0 0 4 2 5 1 0 0 0 0 1 
771 5 0 2 0 0 0 0 1 0 0 0 0 0 0 0 
772 0 0 2 5 0 3 1 0 1 0 3 2 3 2 1 
773 1 0 3 1 4 1 0 2 0 0 4 0 0 0 0 
774 3 0 0 0 2 4 4 0 0 0 3 3 0 5 0 
775 0 5 3 5 1 2 4 3 5 0 4 0 1 1 3 
776 5 0 1 0 0 2 1 0 4 0 0 0 4 4 2 
777 3 2 0 4 0 0 4 0 0 1 0 4 0 2 3 
778 5 4 4 0 1 1 2 4 0 2 0 4 4 1 1 
779 3 0 0 0 4 0 2 0 0 2 0 1 4 3 5 
780 0 1 1 0 0 0 1 0 3 3 3 3 0 0 1 
781 3 0 0 0 1 0 0 4 0 1 3 0 0 0 1 
782 2 0 0 3 0 1 2 1 2 0 0 2 0 4 1 
783 2 2 0 4 4 0 4 0 0 3 3 4 0 4 4 
784 0 0 0 0 0 2 2 0 0 4 0 0 0 5 0 
785 0 2 5 3 0 2 4 0 0 1 3 0 4 1 0 
786 3 3 0 0 5 5 5 5 0 0 0 5 4 0 1 
787 3 0 0 0 0 1 0 5 0 0 5 0 2 1 0 
788 0 1 0 4 3 0 1 0 0 0 0 5 2 0 3 
789 4 1 2 1 0 4 0 0 2 3 4 1 0 4 3 
790 2 3 0 1 5 0 4 3 0 0 5 5 1 0 4 
791 0 2 1 2 0 2 5 5 0 5 3 5 2 0 0 
792 3 1 4 0 0 2 0 0 0 5 5 4 1 1 4 
793 0 5 5 1 0 0 3 1 0 4 3 1 1 3 0 
794 2 5 4 0 0 2 0 3 0 0 0 0 4 0 4 
795 1 5 3 0 1 0 5 0 2 1 5 0 5 4 5 
796 4 2 0 4 0 1 2 0 3 5 0 2 0 3 3 
797 5 3 2 2 4 2 1 2 0 2 4 1 0 4 0 
798 0 0 2 0 0 4 4 0 0 0 4 0 0 5 1 
799 0 2 0 5 0 0 3 0 3 0 0 0 2 4 2 
800 0 0 3 0 3 0 2 0 0 4 5 5 0 5 0 
801 4 1 2 3 0 4 3 0 0 2 3 4 2 2 5 
802 0 0 0 3 0 0 0 5 0 5 5 1 5 0 1 
803 0 0 0 5 0 0 0 0 2 4 3 1 0 0 2 
804 0 0 4 3 2 0 1 0 5 3 0 5 3 1 0 
805 4 5 0 0 3 1 0 3 1 3 0 2 1 1 5 
806 0 5 0 4 0 5 0 0 0 5 0 0 0 5 0 
807 0 3 2 5 0 1 4 2 2 4 0 2 0 3 0 
808 0 1 2 0 1 0 1 4 2 2 4 5 0 4 3 
809 0 0 3 0 3 0 4 0 2 5 0 0 1 3 3 
810 0 0 2 2 0 2 5 3 5 5 0 3 4 0 0 
811 4 0 0 5 4 0 5 5 0 0 1 0 4 4 0 
812 5 0 2 0 5 0 5 3 5 0 0 0 3 2 1 
813 2 0 0 0 5 0 0 0 3 0 0 5 1 2 0 
814 0 2 0 2 3 3 3 0 0 0 0 0 1 4 2 
815 5 3 5 4 0 2 2 5 0 0 5 0 0 4 1 
816 0 3 1 0 4 0 2 0 0 0 0 4 0 2 3 
817 0 3 4 2 1 0 0 3 3 4 0 0 0 3 4 
818 0 0 0 3 2 0 5 0 0 2 3 1 0 0 4 
819 3 4 4 5 1 5 4 4 5 0 0 2 2 4 5 
820 3 0 5 0 0 1 0 3 0 5 1 4 0 5 4 
821 2 3 0 0 0 0 4 0 5 3 0 0 0 5 1 
822 0 5 3 0 5 2 0 4 5 0 0 0 0 0 2 
823 0 3 4 1 0 0 0 1 4 0 1 5 0 0 3 
824 1 0 2 1 4 1 3 2 2 3 1 2 0 3 0 
825 1 4 4 3 0 0 0 0 0 2 0 0 3 2 0 
826 1 3 0 0 3 0 5 2 4 5 5 0 0 2 0 
827 5 0 0 2 3 0 0 3 4 3 1 0 0 0 2 
828 3 0 0 2 3 0 4 4 0 1 0 1 0 0 3 
829 4 1 0 5 0 0 0 0 1 0 0 2 0 3 1 
830 0 2 0 3 0 4 5 0 0 0 0 0 3 0 0 
831 1 0 4 1 0 4 0 3 4 3 0 0 4 4 4 
832 4 0 4 4 4 5 0 3 2 3 5 0 2 2 3 
833 0 4 0 3 3 0 2 5 0 5 0 2 4 0 2 
834 2 1 4 0 0 0 0 4 0 3 5 3 4 3 0 
835 1 4 4 0 3 4 2 3 3 3 3 0 0 1 5 
836 0 1 0 1 0 4 2 1 0 1 2 5 0 0 3 
837 0 4 0 4 3 4 0 1 5 4 5 0 1 5 0 
838 3 5 3 1 0 5 3 1 0 3 4 2 0 3 4 
839 0 4 0 1 3 1 1 2 0 0 1 0 0 0 0 
840 0 3 5 0 3 0 0 4 4 2 2 1 4 3 0 
841 0 2 1 0 0 1 1 2 4 0 0 0 0 0 0 
842 0 2 2 5 1 3 0 0 3 5 2 0 0 4 3 
843 2 5 0 5 0 0 3 0 0 4 0 3 0 0 5 
844 0 0 0 0 3 0 5 0 4 0 0 1 0 1 0 
845 0 0 0 5 4 4 3 4 2 0 4 5 2 0 0 
846 4 3 4 0 0 0 5 4 0 1 4 5 0 0 3 
847 1 0 0 0 3 1 1 4 0 0 2 3 2 5 4 
848 4 4 0 5 0 4 0 0 0 1 5 1 5 3 0 
849 0 3 0 5 4 0 0 5 3 2 1 5 5 1 2 
850 0 0 0 0 2 0 0 0 1 3 4 1 5 0 4 
851 1 0 3 5 1 5 5 0 3 2 2 1 5 3 5 
852 0 3 0 5 0 4 5 1 0 4 0 3 0 1 4 
853 0 0 0 2 4 0 2 0 2 5 2 0 3 0 0 
854 1 0 4 5 5 2 2 4 2 0 0 0 0 0 1 
855 0 0 1 0 2 4 1 5 0 4 1 0 1 0 0 
856 1 1 5 3 4 1 1 1 3 5 0 1 2 0 3 
857 5 1 5 3 2 0 5 4 5 1 2 0 3 4 4 
858 3 0 5 0 4 3 0 3 4 3 0 1 5 1 0 
859 1 2 2 0 0 0 2 0 0 3 3 1 5 1 1 
860 1 0 1 0 3 0 0 2 5 4 0 0 0 2 0 
861 5 0 0 1 0 2 1 0 1 2 0 0 4 2 1 
862 5 2 5 4 2 0 1 3 1 3 5 0 2 3 5 
863 2 0 0 1 0 0 5 3 0 2 4 5 0 0 5 
864 0 4 5 4 2 0 4 0 2 0 0 0 5 0 1 
865 1 0 0 4 5 0 2 4 4 4 0 3 4 0 5 
866 0 4 2 0 0 4 5 3 5 5 0 1 4 0 0 
867 5 0 3 4 3 0 0 1 0 1 3 0 5 2 3 
868 4 0 2 0 0 5 0 3 3 1 3 4 0 2 4 
869 2 0 1 0 0 3 1 2 0 1 1 2 2 4 4 
870 4 0 2 0 5 1 5 3 1 4 4 1 0 0 0 
871 3 3 2 4 0 0 1 5 0 5 4 2 5 2 0 
872 2 0 5 5 0 5 5 1 0 2 5 0 0 0 5 
873 0 5 5 0 4 5 4 2 4 3 4 0 0 4 3 
874 1 0 0 0 5 2 3 2 5 1 5 0 2 1 0 
875 0 3 0 4 0 5 1 3 3 5 1 0 3 3 0 
876 3 5 2 0 3 2 2 0 0 2 0 0 0 0 0 
877 0 0 4 0 0 5 4 0 0 2 0 5 4 1 2 
878 5 4 5 2 1 3 0 0 0 5 1 0 5 0 4 
879 4 0 5 0 2 0 0 3 0 0 5 5 5 1 0 
880 1 0 1 0 3 0 3 1 3 0 0 0 3 4 2 
881 0 1 5 5 5 0 0 2 0 5 5 0 5 0 4 
882 0 4 0 5 4 3 2 0 0 0 1 0 0 0 3 
883 3 4 2 3 0 4 0 0 5 4 0 5 3 5 1 
884 0 1 3 0 0 2 0 5 4 4 1 0 2 0 0 
885 2 0 3 4 0 0 4 5 0 3 5 0 2 4 4 
886 2 3 0 0 0 1 0 3 2 2 2 0 1 2 0 
887 1 4 0 2 4 4 0 4 0 5 4 0 1 4 4 
888 2 0 0 3 0 3 3 0 0 1 0 2 0 0 3 
889 1 5 0 2 5 0 0 0 0 2 1 1 2 0 2 
890 0 3 1 0 0 0 0 3 3 5 5 0 0 0 0 
891 0 5 0 0 0 0 4 0 0 5 0 0 5 0 1 
892 1 2 0 0 4 2 3 5 3 0 0 2 0 2 0 
893 0 4 5 4 1 1 3 5 5 0 1 5 0 5 3 
894 0 0 0 3 0 4 0 0 1 3 0 3 1 0 5 
895 0 1 5 2 0 1 0 0 0 0 0 4 0 3 4 
896 1 1 0 0 1 0 2 2 0 0 4 0 0 0 0 
897 1 4 0 2 0 1 0 0 0 4 1 4 4 5 1 
898 4 0 0 0 0 0 0 0 1 0 5 3 1 0 4 
899 0 0 0 3 0 1 0 0 0 2 4 4 0 0 0 
900 2 3 0 0 0 0 0 0 2 5 0 1 2 1 3 
901 0 0 5 1 1 0 2 0 4 0 4 4 5 5 1 
902 1 0 0 0 0 0 3 0 0 2 0 0 3 0 1 
903 2 5 5 5 4 1 0 0 1 0 2 5 0 0 4 
904 0 1 0 0 0 0 0 4 0 5 1 0 3 0 0 
905 2 3 0 0 0 0 0 5 5 0 5 1 4 4 0 
906 0 1 5 0 3 2 0 1 1 0 0 0 0 2 0 
907 3 0 0 1 0 0 0 3 2 0 0 0 5 2 3 
908 0 0 3 0 0 3 3 0 0 0 3 0 0 2 2 
909 4 0 2 5 0 0 1 2 5 4 0 0 2 0 0 
910 0 0 0 0 2 0 2 4 1 0 4 0 1 3 2 
911 5 2 0 4 0 2 2 5 0 0 0 0 4 1 0 
912 1 5 0 1 0 1 1 4 1 2 0 0 1 0 0 
913 0 0 0 3 0 1 5 2 0 5 5 0 4 1 0 
914 0 2 0 2 0 5 0 0 0 0 0 0 2 0 2 
915 0 1 3 0 1 0 0 0 3 2 0 2 5 0 3 
916 2 2 1 0 5 2 1 2 5 1 3 2 5 1 4 
917 0 0 0 0 1 0 0 4 3 2 1 0 5 0 0 
918 5 0 3 2 0 4 0 5 4 5 0 1 0 0 2 
919 3 5 4 5 0 3 0 0 0 3 5 2 0 1 4 
920 4 4 2 3 3 2 5 4 4 1 0 3 3 5 0 
921 0 1 0 0 5 5 2 0 3 4 0 2 4 4 0 
922 1 2 5 4 0 0 4 5 0 0 2 2 0 0 2 
923 0 2 0 3 0 0 3 2 3 0 1 1 0 3 0 
924 4 1 3 0 0 0 1 1 3 2 5 0 1 4 0 
925 4 1 0 0 1 1 5 5 2 2 2 0 0 5 0 
926 0 5 4 3 0 0 0 2 0 4 0 4 3 0 0 
927 0 5 0 3 0 5 0 2 0 0 4 2 5 4 4 
928 3 2 5 0 4 0 1 0 0 2 5 4 0 4 4 
929 0 4 5 0 0 1 3 4 1 5 0 0 0 0 3 
930 0 5 2 2 4 0 3 1 1 5 3 1 0 5 0 
931 0 0 0 5 5 0 1 4 3 3 3 1 5 0 2 
932 2 4 0 0 3 0 0 0 0 0 0 0 0 2 2 
933 0 0 0 1 0 4 2 3 5 2 4 0 5 0 0 
934 4 0 0 0 0 2 0 4 5 4 0 0 1 2 4 
935 4 0 0 0 0 3 0 2 1 0 0 4 5 2 0 
936 5 5 4 0 0 0 0 4 0 0 4 2 4 0 0 
937 3 1 1 2 0 2 5 0 0 4 0 0 1 2 0 
938 0 3 0 0 0 4 0 0 4 2 0 0 5 5 1 
939 0 4 5 2 1 3 2 4 0 4 0 3 5 4 0 
940 2 4 3 3 3 0 0 5 0 0 4 0 0 5 0 
941 0 4 0 2 5 0 0 0 5 5 2 0 4 0 3 
942 5 4 4 1 0 0 0 1 0 1 0 2 5 0 5 
943 5 4 0 0 5 0 0 0 0 3 0 0 5 0 2 
944 2 2 4 1 0 0 2 0 0 3 4 0 0 0 2 
945 5 4 1 4 2 1 0 1 1 0 4 0 0 3 0 
946 0 1 3 5 0 3 5 3 0 0 3 2 3 0 3 
947 1 3 1 1 4 0 0 0 0 2 3 5 0 4 0 
948 5 3 3 4 4 5 0 0 0 0 0 0 0 5 4 
949 0 0 5 0 5 4 2 0 5 1 4 4 5 0 1 
950 3 4 0 2 0 4 0 4 3 1 2 2 1 0 0 
951 0 5 5 4 0 0 4 2 0 0 0 5 0 4 3 
952 0 2 4 4 4 2 0 4 5 3 0 4 4 0 3 
953 0 0 0 4 0 3 1 0 0 5 0 2 3 2 1 
954 0 0 0 3 3 1 2 0 1 3 2 0 3 0 4 
955 0 4 0 1 1 4 3 3 0 5 4 2 2 2 0 
956 5 5 0 4 5 0 3 2 5 0 0 4 1 0 4 
957 3 0 0 2 2 1 3 0 5 2 0 2 3 0 0 
958 0 1 4 0 0 5 2 2 2 3 0 0 0 0 0 
959 2 4 0 0 0 1 5 0 2 0 0 3 1 5 0 
960 2 0 5 1 4 0 0 1 0 0 3 2 0 2 5 
961 0 0 3 3 0 0 5 5 2 0 0 3 0 4 4 
962 3 0 3 1 4 2 2 5 0 5 0 3 2 0 3 
963 0 4 0 0 4 4 0 3 4 4 2 1 1 3 0 
964 0 0 1 2 0 1 2 5 1 0 0 5 4 0 5 
965 0 0 2 0 3 3 1 3 5 5 0 5 0 0 0 
966 0 5 0 0 0 0 1 0 0 0 5 1 0 0 0 
967 0 0 0 0 5 2 1 0 0 5 4 0 3 0 0 
968 3 3 3 0 0 3 3 4 4 5 1 1 0 3 2 
969 0 0 2 0 1 0 1 0 0 3 4 5 5 2 0 
970 0 0 5 0 0 5 0 0 5 0 4 1 1 3 0 
971 1 1 2 3 0 0 2 1 1 2 2 0 4 0 5 
972 0 0 0 4 5 0 2 1 5 2 1 1 0 4 5 
973 0 3 3 5 5 0 0 1 5 5 0 0 1 0 5 
974 2 0 2 3 1 3 5 0 0 2 3 0 3 0 0 
975 0 1 0 5 3 0 0 0 4 4 2 1 0 0 1 
976 1 0 0 0 0 0 4 0 4 0 1 3 3 4 2 
977 2 2 0 5 5 4 5 2 0 5 3 4 2 4 3 
978 0 4 0 4 0 1 0 0 3 3 3 0 5 0 2 
979 1 0 1 0 0 0 0 3 5 0 0 4 3 0 3 
980 0 2 5 0 0 5 0 2 4 0 0 4 1 4 0 
981 4 0 2 4 1 2 4 0 1 1 5 4 1 0 0 
982 0 2 2 3 0 1 0 0 3 1 3 1 0 1 3 
983 2 4 3 5 0 1 4 0 0 5 2 0 0 1 0 
984 2 3 0 3 2 3 4 0 3 3 1 2 1 0 3 
985 1 0 0 0 2 0 0 0 2 0 5 1 5 5 5 
986 1 2 5 3 0 1 0 5 1 5 0 0 4 0 4 
987 0 0 0 0 3 0 1 5 0 0 5 0 1 3 5 
988 0 1 0 3 5 4 2 0 4 0 1 4 0 0 0 
989 3 0 0 5 5 5 0 2 0 0 0 3 0 5 3 
990 2 2 2 0 3 0 2 1 1 4 0 5 4 0 3 
991 5 0 0 0 0 5 2 3 3 0 5 0 2 2 4 
992 5 0 0 4 1 0 0 1 0 2 5 0 4 5 4 
993 5 2 0 0 1 0 0 0 0 3 4 0 0 5 5 
994 1 3 0 0 4 0 5 0 0 0 0 0 2 3 2 
995 1 0 0 0 0 1 0 3 0 2 0 4 0 0 4 
996 2 0 0 5 4 0 5 0 0 0 4 4 3 0 0 
997 0 0 1 4 5 3 0 0 0 0 3 0 2 5 0 
998 4 0 5 3 1 1 2 3 2 0 2 2 0 4 5 
999 0 3 4 2 1 2 0 1 4 5 4 0 0 0 1 
1000 5 5 0 3 0 5 0 3 3 0 0 1 0 0 0 
1001 4 4 0 5 5 5 5 0 3 0 2 0 5 5 3 
1002 5 2 0 0 5 1 1 3 0 3 0 2 4 4 2 
1003 5 0 5 1 1 2 0 2 2 4 0 0 2 3 5 
1004 3 0 0 3 1 0 5 3 0 0 0 1 3 0 0 
1005 0 0 2 0 0 0 3 4 2 3 2 4 2 5 0 
1006 4 0 4 2 4 0 4 0 0 5 0 5 4 4 3 
1007 5 0 0 2 3 0 0 0 4 4 0 2 0 3 0 
1008 0 0 0 4 2 5 2 0 1 0 0 5 4 4 1 
1009 0 0 2 0 0 0 2 0 0 3 3 1 4 5 0 
1010 5 2 4 1 0 0 4 0 0 3 0 2 0 0 2 
1011 3 4 4 5 4 0 0 0 0 0 3 0 0 2 3 
1012 3 0 3 3 5 0 3 5 0 0 0 5 5 0 4 
1013 3 0 2 0 0 0 0 3 0 5 0 0 4 3 0 
1014 1 0 1 5 0 0 4 5 5 0 0 1 0 5 4 
1015 0 3 5 0 0 0 5 4 1 5 2 2 2 5 5 
1016 2 0 5 0 1 1 5 1 0 0 0 0 3 5 3 
1017 0 5 3 2 0 3 2 1 2 3 0 3 0 5 0 
1018 0 0 0 4 0 5 0 0 3 5 5 0 0 0 0 
1019 0 2 5 2 0 1 0 0 0 0 0 2 2 0 5 
1020 0 0 5 4 4 0 4 1 0 4 2 0 5 2 0 
1021 5 5 0 4 2 5 2 2 3 4 4 0 2 3 1 
1022 0 3 4 0 0 0 3 1 0 4 5 3 0 0 3 
1023 2 3 0 2 3 0 5 0 2 0 4 4 1 0 0 
1024 0 3 2 0 5 0 3 0 3 0 0 4 4 3 0 
1025 5 1 0 3 1 0 1 3 0 4 0 5 2 5 4 
1026 4 0 0 0 0 3 2 0 1 0 2 0 4 3 3 
1027 0 0 5 3 1 2 2 3 0 3 4 0 0 0 0 
1028 0 1 1 3 0 0 0 4 0 0 0 1 2 0 0 
1029 0 3 0 1 0 5 0 4 1 0 0 0 1 0 0 
1030 3 1 2 1 3 0 1 3 1 5 1 1 5 2 4 
1031 5 0 4 1 0 2 1 2 0 5 0 1 0 5 0 
1032 5 5 0 1 0 4 5 0 0 0 5 0 0 0 2 
1033 5 0 0 2 2 4 0 4 3 0 4 1 0 2 0 
1034 0 1 4 2 2 5 1 1 3 0 0 1 0 5 2 
1035 3 0 2 4 0 0 2 0 0 4 1 0 2 5 1 
1036 1 0 3 0 5 1 0 3 0 0 0 0 2 3 0 
1037 4 5 5 4 4 0 2 0 3 2 1 4 4 4 1 
1038 1 3 0 4 0 0 0 5 2 0 0 0 4 5 1 
1039 2 4 4 3 0 4 0 4 0 1 2 0 3 5 3 
1040 0 5 2 0 2 0 1 0 4 4 0 2 0 0 0 
1041 1 0 0 0 0 4 0 0 3 5 0 3 0 2 1 
1042 0 0 5 0 5 0 3 5 0 4 3 0 0 3 4 
1043 0 4 4 0 0 1 0 1 0 0 0 0 0 0 3 
1044 4 2 5 0 1 0 2 1 0 0 1 2 2 2 0 
1045 2 3 3 0 0 1 0 5 2 4 3 0 4 4 3 
1046 0 5 2 0 3 3 3 4 2 0 1 2 5 1 5 
1047 1 1 0 4 0 0 3 0 4 3 5 2 5 1 1 
1048 2 2 3 0 0 0 0 0 1 0 3 0 0 0 0 
1049 4 0 1 2 5 4 0 0 2 4 0 0 1 0 1 
1050 0 2 0 0 3 2 0 5 0 4 1 1 0 5 1 
1051 0 2 5 0 5 1 0 0 0 3 1 3 0 3 3 
1052 5 5 3 0 3 1 0 4 3 2 1 0 5 4 0 
1053 0 0 2 0 4 5 0 0 0 2 0 2 5 5 5 
1054 2 3 0 2 0 0 0 0 5 0 2 2 5 1 0 
1055 3 1 2 0 4 3 0 3 0 5 1 5 0 3 0 
1056 2 0 2 2 3 4 0 0 0 3 0 4 1 4 3 
1057 0 1 1 4 0 5 0 5 2 0 0 1 0 0 0 
1058 2 5 2 5 4 0 1 0 5 3 2 5 2 3 2 
1059 0 1 5 2 0 0 0 0 2 0 0 2 4 0 2 
1060 0 0 0 4 1 0 0 2 0 0 4 3 0 0 2 
1061 3 0 0 0 3 1 4 5 5 0 1 3 3 0 0 
1062 0 3 2 0 5 0 0 4 0 2 3 5 5 1 2 
1063 0 1 3 1 1 0 4 0 0 1 5 1 5 0 1 
1064 1 5 4 2 0 0 0 0 1 2 0 2 4 0 3 
1065 0 1 1 0 5 0 3 3 1 1 5 0 0 5 0 
1066 0 2 3 0 2 4 3 0 1 3 0 3 0 1 2 
1067 4 5 0 0 0 0 2 0 0 4 0 0 0 0 0 
1068 0 0 5 2 3 1 1 4 0 0 1 5 1 3 0 
1069 0 3 5 3 3 0 5 0 5 5 2 0 2 0 4 
1070 4 4 0 0 2 3 0 1 4 0 5 2 0 0 2 
1071 3 4 4 0 4 1 4 2 0 2 2 2 4 0 0 
1072 0 4 0 0 3 0 0 4 2 0 0 0 0 5 4 
1073 1 4 0 0 2 0 0 4 2 0 0 0 0 3 0 
1074 0 1 2 5 1 0 1 5 0 0 0 4 0 5 0 
1075 1 1 2 1 0 0 0 0 2 2 0 2 1 0 0 
1076 3 0 3 0 0 5 0 0 0 1 0 1 4 0 0 
1077 0 2 4 0 3 2 3 1 1 0 0 3 4 1 0 
1078 0 1 0 0 0 1 0 1 2 3 5 0 1 3 2 
1079 5 3 0 5 0 4 1 0 1 0 3 4 2 3 0 
1080 5 0 3 0 0 4 0 3 3 0 1 1 0 0 2 
1081 0 4 3 2 2 1 0 0 1 0 1 0 0 1 0 
1082 5 5 1 2 5 2 2 5 2 0 4 2 4 3 4 
1083 0 4 0 1 0 0 0 0 0 0 1 4 0 0 4 
1084 0 0 0 3 0 0 0 2 0 1 0 1 5 5 0 
1085 3 3 0 0 1 2 1 3 3 0 3 4 0 3 5 
1086 0 0 3 3 1 0 0 0 2 4 5 0 3 5 4 
1087 5 5 0 3 3 0 5 3 0 3 3 4 0 1 3 
1088 0 4 4 0 0 1 0 4 1 2 0 0 0 0 0 
1089 3 0 0 1 5 1 3 5 2 2 1 0 3 2 0 
1090 0 1 0 4 1 4 4 0 3 2 5 0 4 3 4 
1091 4 0 0 5 4 2 1 4 0 3 2 5 5 0 2 
1092 3 5 1 1 0 1 3 3 1 0 3 2 3 0 3 
1093 0 3 0 4 5 3 5 3 0 0 1 3 0 0 1 
1094 2 2 0 4 0 5 1 0 0 5 3 5 0 0 1 
1095 5 0 1 0 0 0 0 2 1 0 4 0 0 3 5 
1096 3 0 4 0 0 5 4 4 3 3 0 0 0 3 2 
1097 0 0 0 0 0 4 5 0 0 5 3 3 0 0 0 
1098 4 2 2 0 0 0 2 0 5 0 0 3 1 0 1 
1099 3 0 4 0 1 4 1 3 0 2 3 4 4 0 5 
1100 0 5 4 3 4 2 0 2 0 0 0 5 0 0 5 
1101 0 3 4 1 2 0 0 2 2 5 3 2 0 0 4 
1102 0 5 0 0 0 3 0 4 0 2 0 0 0 5 5 
1103 0 4 0 0 5 5 0 2 0 3 0 3 0 0 4 
1104 2 2 3 0 3 4 2 0 2 4 5 1 1 0 1 
1105 4 0 5 2 0 0 3 2 4 0 4 4 0 0 0 
1106 2 3 2 4 1 5 3 1 1 2 1 3 0 3 0 
1107 0 0 3 4 0 0 4 0 0 0 0 5 0 0 0 
1108 0 0 5 2 2 2 2 0 1 0 0 3 0 4 5 
1109 0 2 0 3 1 4 1 0 1 0 0 3 0 0 2 
1110 3 2 1 0 5 5 0 0 4 2 0 3 0 2 5 
1111 0 1 2 0 4 0 0 5 0 4 2 2 0 2 3 
1112 0 5 0 0 0 1 5 3 0 2 0 3 0 0 3 
1113 0 0 5 1 0 2 3 1 4 0 1 1 0 0 0 
1114 2 0 3 3 0 5 0 0 0 0 2 0 1 5 0 
1115 5 0 0 2 1 5 5 2 3 0 3 4 0 0 3 
1116 0 1 4 4 3 2 2 0 1 2 3 0 0 5 3 
1117 3 0 3 2 0 0 4 3 2 0 5 0 2 4 0 
1118 0 0 5 3 0 2 1 1 1 0 0 0 5 4 0 
1119 0 1 5 0 4 1 0 5 0 0 0 2 0 0 2 
1120 0 5 2 0 5 5 3 0 5 4 4 0 2 1 4 
1121 0 0 1 1 0 5 0 0 5 2 4 0 0 0 1 
1122 1 0 0 3 0 2 0 1 0 1 0 0 4 0 0 
1123 4 1 0 4 0 0 0 0 0 4 0 0 0 4 0 
1124 1 2 0 3 1 5 1 0 4 4 0 0 5 2 0 
1125 5 0 5 0 0 0 2 0 1 0 5 0 3 3 0 
1126 0 0 3 0 5 2 2 0 2 0 0 0 4 0 0 
1127 1 4 3 3 0 0 5 0 4 3 5 0 0 0 1 
1128 1 2 5 1 2 0 0 3 3 2 3 0 0 3 0 
1129 0 5 0 3 1 0 0 0 0 5 0 0 0 4 3 
1130 0 0 4 0 2 0 0 0 0 2 3 2 0 1 3 
1131 4 2 2 1 2 2 4 0 1 1 0 4 2 1 5 
1132 0 2 2 0 1 0 0 0 5 4 0 0 1 0 0 
1133 2 1 5 0 2 3 0 5 3 2 4 1 3 3 0 
1134 4 0 0 3 0 3 4 0 0 0 1 0 4 4 0 
1135 0 0 0 4 2 0 0 4 2 1 0 1 0 0 0 
1136 0 1 0 2 0 0 5 0 0 5 1 2 2 2 0 
1137 0 0 0 0 0 2 0 2 4 5 0 1 0 3 2 
1138 4 0 3 2 0 0 0 2 3 0 5 1 4 1 0 
1139 5 5 3 0 0 3 0 2 0 5 5 2 4 0 0 
1140 0 0 0 1 1 3 5 5 1 0 0 1 0 0 0 
1141 0 5 0 0 3 0 5 2 2 4 2 1 2 3 5 
1142 5 1 4 0 3 2 0 5 0 0 5 2 5 0 3 
1143 0 3 3 0 0 3 0 1 0 0 1 0 0 3 2 
1144 0 0 0 5 0 0 3 2 5 0 1 0 1 2 0 
1145 0 0 3 0 5 0 0 2 1 0 5 0 3 1 0 
1146 0 3 1 5 0 0 5 3 0 2 1 0 0 2 0 
1147 4 0 5 4 1 5 2 1 2 5 2 0 2 3 4 
1148 0 1 5 3 0 1 0 2 3 0 3 4 1 0 5 
1149 0 4 5 0 3 0 2 0 0 0 4 3 5 0 0 
1150 0 5 0 0 0 5 0 0 3 1 2 0 0 0 4 
1151 5 4 1 5 2 0 1 3 2 4 0 0 4 4 0 
1152 3 4 0 0 0 0 3 5 2 1 0 3 0 0 5 
1153 0 0 1 3 3 3 0 0 0 4 4 1 0 5 4 
1154 3 1 5 3 3 0 2 0 0 2 0 0 3 5 2 
1155 0 0 0 0 1 0 3 0 0 1 3 0 0 2 1 
1156 2 0 2 1 0 4 0 3 1 2 0 4 1 1 5 
1157 1 2 1 2 0 1 0 4 2 1 0 0 0 0 0 
1158 1 0 4 0 1 1 2 1 1 0 0 3 1 0 0 
1159 1 1 2 0 2 4 0 0 0 0 4 5 1 0 3 
1160 0 4 5 3 4 3 0 0 0 0 2 4 0 0 0 
1161 4 0 1 0 5 5 5 4 0 0 4 0 0 0 5 
1162 3 0 2 3 0 0 4 1 5 0 5 0 1 0 2 
1163 4 0 0 1 5 2 5 2 0 3 3 2 2 3 3 
1164 5 0 3 1 0 5 0 3 3 0 5 0 1 0 5 
1165 0 0 0 0 0 0 1 0 0 4 0 0 1 0 0 
1166 2 0 0 2 5 3 0 0 0 1 0 0 0 1 0 
1167 0 4 0 0 0 4 5 2 0 0 1 0 0 3 3 
1168 4 0 0 5 5 4 5 5 2 0 2 0 1 3 4 
1169 0 2 0 0 0 5 2 4 0 4 1 1 1 4 0 
1170 0 0 0 4 0 0 0 0 0 0 5 3 0 1 0 
1171 2 4 0 0 0 1 0 1 2 4 0 5 0 2 0 
1172 1 3 2 1 2 4 2 5 1 4 5 3 0 1 3 
1173 0 0 3 0 0 0 0 3 2 2 0 0 4 0 0 
1174 2 0 2 0 0 0 0 3 0 0 4 0 0 2 0 
1175 3 3 0 1 0 0 0 1 0 1 5 2 1 0 0 
1176 5 2 3 0 1 0 0 4 0 0 1 2 1 0 0 
1177 2 1 0 1 0 0 0 0 0 0 0 0 4 0 4 
1178 4 2 2 5 3 2 0 0 2 0 0 3 0 0 4 
1179 3 1 2 1 2 3 1 3 5 0 0 4 4 2 3 
1180 4 3 2 3 0 5 5 0 2 3 5 4 0 0 0 
1181 5 0 5 5 5 4 0 0 0 3 0 4 3 2 5 
1182 3 5 4 4 0 0 2 3 0 1 3 0 4 0 0 
1183 5 5 4 0 0 4 0 0 5 0 0 0 0 0 0 
1184 0 2 0 4 0 3 1 2 2 0 0 0 2 4 0 
1185 0 4 0 2 1 2 1 4 5 0 5 0 0 0 5 
1186 0 0 0 0 1 2 1 2 4 2 5 0 3 4 0 
1187 0 4 0 0 1 3 0 0 0 3 0 5 1 0 2 
1188 1 2 4 0 3 0 5 5 4 0 5 0 2 4 2 
1189 0 0 0 0 0 0 0 0 1 4 0 0 0 3 5 
1190 0 3 0 0 3 0 5 0 5 2 0 2 0 0 5 
1191 4 3 3 2 4 0 0 1 0 3 5 0 1 1 0 
1192 5 4 1 0 5 1 0 5 2 2 3 0 5 1 4 
1193 0 1 0 0 0 5 0 4 0 2 0 0 0 5 0 
1194 0 4 3 1 2 4 0 0 0 0 2 0 0 1 2 
1195 5 3 3 4 5 0 0 0 1 0 5 5 1 0 2 
1196 3 0 0 2 5 4 0 0 0 2 0 3 5 1 2 
1197 2 1 4 3 1 0 2 2 0 1 0 0 3 1 2 
1198 1 1 2 4 5 0 5 0 0 1 1 1 0 3 2 
1199 4 0 3 0 0 1 5 4 0 1 0 0 0 0 0 
1200 4 2 4 0 2 3 0 0 0 5 1 0 0 4 0 
1201 5 1 5 1 5 0 1 1 3 3 0 3 5 0 0 
1202 4 4 4 2 3 0 4 0 0 2 5 1 0 1 0 
1203 2 2 0 5 0 3 5 3 0 0 5 4 0 3 0 
1204 0 3 5 1 0 2 1 0 1 5 0 2 0 1 5 
1205 1 2 0 0 3 5 5 3 0 2 0 4 0 3 5 
1206 4 2 0 3 0 0 4 3 5 0 0 1 2 3 4 
1207 1 3 0 1 5 0 0 2 0 0 3 0 0 0 0 
1208 0 0 3 3 0 4 1 2 5 1 0 2 1 1 4 
1209 0 0 1 0 0 0 2 3 0 5 3 5 0 2 0 
1210 4 0 4 0 0 0 5 0 4 1 0 4 0 0 4 
1211 0 0 0 1 2 2 3 1 2 0 5 0 0 0 3 
1212 0 2 0 0 5 4 0 2 1 1 2 0 3 3 3 
1213 0 2 0 1 3 1 0 0 0 3 2 0 0 3 1 
1214 0 0 1 0 5 0 0 3 2 5 0 4 2 0 0 
1215 3 0 1 2 3 0 0 0 0 0 0 3 0 0 3 
1216 0 3 3 0 3 1 3 0 4 0 0 2 1 0 1 
1217 2 1 3 2 0 0 0 0 4 3 5 0 0 3 4 
1218 2 0 1 0 0 2 5 0 3 4 0 0 0 0 0 
1219 2 0 2 0 1 0 0 0 0 1 0 1 0 5 4 
1220 0 2 1 2 1 2 0 1 5 5 0 5 4 0 0 
1221 1 0 5 3 0 0 0 0 1 0 3 0 1 2 3 
1222 1 0 5 0 1 3 2 4 0 0 0 0 0 1 4 
1223 0 2 2 4 3 4 0 0 0 0 1 0 4 1 0 
1224 3 1 0 0 3 4 2 1 0 5 0 0 3 1 1 
1225 1 5 3 0 0 0 4 1 3 2 0 2 0 2 0 
1226 0 3 1 0 4 4 2 2 1 5 0 4 4 2 2 
1227 0 0 0 4 0 3 2 0 0 3 1 2 2 1 5 
1228 1 0 0 1 0 0 0 5 2 1 4 3 1 3 5 
1229 0 0 0 1 4 5 3 4 1 5 2 1 0 0 0 
1230 4 5 1 5 5 0 0 1 3 5 0 2 1 0 2 
1231 0 5 1 0 2 5 5 0 0 5 0 5 0 0 0 
1232 0 4 0 4 1 3 0 3 3 5 1 0 0 0 3 
1233 3 5 0 3 3 5 0 0 5 2 0 0 2 0 1 
1234 1 2 5 0 0 2 0 3 4 0 0 0 2 0 0 
1235 0 1 0 5 1 0 0 0 4 0 5 5 2 0 3 
1236 2 0 2 3 0 3 0 3 2 4 3 5 5 5 0 
1237 1 0 3 0 4 1 0 1 3 4 0 0 4 0 0 
1238 5 5 0 0 2 1 0 3 0 0 3 3 0 0 0 
1239 0 0 0 0 3 5 1 4 0 1 0 5 5 0 0 
1240 5 5 0 0 1 0 0 2 0 4 5 0 5 2 2 
1241 0 4 1 0 0 4 5 4 3 0 5 5 3 1 3 
1242 4 4 0 0 0 2 0 4 4 0 4 0 0 1 5 
1243 2 4 0 0 5 1 3 3 1 0 1 0 1 1 0 
1244 2 4 1 2 0 5 3 5 1 0 2 5 5 0 0 
1245 0 0 5 1 1 5 2 1 0 2 3 3 2 0 0 
1246 3 1 3 4 4 0 0 5 0 3 0 0 0 3 0 
1247 2 4 3 4 3 3 1 0 5 3 0 0 2 4 0 
1248 1 4 0 2 0 0 4 0 5 5 0 1 5 3 0 
1249 1 0 3 0 2 0 2 0 3 3 2 0 0 5 0 
1250 0 0 2 4 0 2 0 2 0 0 2 0 4 5 2 
1251 0 2 0 0 0 0 0 0 2 2 2 4 0 0 0 
1252 0 1 0 0 0 1 1 4 0 2 1 2 0 0 1 
1253 0 0 2 1 0 4 2 0 2 1 0 0 0 0 0 
1254 4 5 3 4 0 0 0 0 5 4 5 3 0 0 0 
1255 0 5 4 1 3 5 0 2 0 2 0 0 0 3 2 
1256 1 3 0 5 2 5 4 5 0 0 0 1 0 0 0 
1257 0 0 5 1 3 0 3 0 4 3 5 0 2 4 0 
1258 0 1 0 4 0 0 2 4 2 3 0 0 4 1 2 
1259 0 3 4 4 0 0 5 4 2 2 2 1 5 2 2 
1260 0 0 0 4 2 1 5 0 0 1 0 4 2 0 0 
1261 3 0 0 5 3 5 0 0 0 0 3 5 3 5 0 
1262 5 5 4 0 4 0 2 2 0 1 1 5 0 2 0 
1263 3 0 4 3 1 5 0 1 1 5 0 1 4 3 2 
1264 5 1 2 0 4 0 0 0 0 5 0 0 2 0 0 
1265 2 0 5 3 1 4 2 5 4 0 0 2 0 2 0 
1266 2 3 0 4 0 0 0 2 0 1 0 2 3 0 5 
1267 0 0 0 0 1 1 4 0 4 0 0 4 2 2 2 
1268 5 0 4 5 1 5 3 0 1 3 3 1 0 1 5 
1269 2 0 1 5 2 0 3 1 0 0 3 2 0 0 2 
1270 0 4 0 3 3 2 4 0 0 3 0 1 5 3 5 
1271 2 4 4 0 1 0 1 0 4 1 1 3 0 4 0 
1272 2 0 0 5 1 1 4 5 0 0 3 1 4 0 0 
1273 0 0 0 4 0 3 1 1 4 2 1 0 0 2 0 
1274 0 4 3 4 5 0 2 0 0 5 0 3 0 0 5 
1275 2 5 0 5 2 0 0 5 3 2 3 2 1 3 0 
1276 5 4 0 3 0 0 0 0 0 0 0 1 4 0 1 
1277 5 0 2 1 4 0 0 2 5 5 1 2 4 4 0 
1278 0 5 5 4 0 2 3 0 4 4 2 1 2 0 0 
1279 0 2 3 2 1 1 0 1 0 0 0 0 2 5 5 
1280 4 0 5 2 0 0 0 4 2 5 0 4 1 3 2 
1281 3 0 0 0 0 0 0 2 4 4 0 4 4 3 0 
1282 0 0 5 0 4 3 0 0 2 0 0 0 1 0 2 
1283 0 2 1 2 3 0 0 0 5 3 0 2 3 4 0 
1284 0 1 0 0 1 3 3 0 5 1 4 0 3 2 0 
1285 0 0 4 3 0 3 3 1 3 5 3 0 0 2 0 
1286 0 0 2 0 0 0 3 5 4 2 4 5 4 0 4 
1287 0 0 5 0 0 0 3 1 4 1 2 1 5 4 1 
1288 1 0 4 0 1 0 2 0 0 1 5 1 3 5 0 
1289 0 0 0 0 4 5 0 3 2 1 2 0 0 3 0 
1290 1 1 0 3 0 5 0 0 0 1 4 0 1 4 4 
1291 2 0 0 2 4 2 3 0 3 0 4 0 4 0 0 
1292 1 3 4 1 4 0 2 2 0 1 0 2 0 5 3 
1293 0 5 1 4 0 0 0 0 2 0 0 3 3 2 0 
1294 0 3 0 5 0 1 5 2 0 2 1 4 4 4 2 
1295 0 1 2 0 0 5 2 0 0 2 0 0 5 0 0 
1296 3 5 0 2 2 0 0 2 2 3 0 0 1 4 0 
1297 3 0 4 0 3 5 4 0 1 4 0 3 2 0 1 
1298 0 5 3 2 3 0 0 3 1 0 2 1 3 0 0 
1299 1 2 0 1 2 0 5 2 0 0 0 4 4 3 3 
1300 1 2 0 0 2 3 0 4 0 0 3 4 2 0 0 
1301 0 0 1 0 5 4 0 2 0 3 2 3 3 5 0 
1302 2 3 1 5 0 0 2 0 4 3 5 0 1 0 0 
1303 0 3 5 5 4 5 5 4 0 1 1 0 1 1 0 
1304 0 4 4 0 1 2 0 2 5 0 0 0 1 0 2 
1305 0 1 0 0 5 0 0 5 0 0 2 2 0 0 2 
1306 0 0 3 0 0 2 4 1 1 0 1 5 0 0 2 
1307 0 1 0 0 0 2 0 0 3 0 1 4 0 4 3 
1308 2 1 3 1 0 0 0 5 3 5 4 0 5 0 1 
1309 1 5 5 2 4 1 1 2 1 3 1 0 5 1 1 
1310 0 1 2 1 2 2 2 0 1 3 0 3 0 3 2 
1311 0 4 5 2 1 0 1 4 4 2 5 0 4 0 2 
1312 1 1 0 0 0 4 5 1 5 4 3 2 0 0 0 
1313 1 0 0 0 0 5 0 1 0 5 3 5 0 4 0 
1314 0 1 1 0 3 5 0 0 5 2 0 0 5 0 0 
1315 0 1 0 3 0 0 3 5 3 1 4 3 0 3 5 
1316 0 3 4 3 4 0 1 1 3 0 3 5 2 0 3 
1317 0 2 3 4 0 1 5 0 4 5 0 4 2 4 0 
1318 0 2 2 0 1 5 0 0 3 0 2 0 3 5 5 
1319 3 3 3 0 3 2 3 2 0 0 4 0 3 2 0 
1320 4 1 2 0 2 5 2 3 3 0 0 0 5 3 3 
1321 0 2 4 2 5 0 4 5 0 4 4 3 0 0 4 
1322 3 2 0 0 0 5 1 0 0 0 1 0 4 3 0 
1323 3 1 0 0 4 5 2 0 3 0 0 0 0 0 0 
1324 2 0 0 2 2 2 1 0 0 0 3 1 0 0 2 
1325 1 1 3 4 0 0 4 4 5 4 0 0 0 5 4 
1326 2 0 0 0 0 1 0 0 5 0 3 4 0 5 4 
1327 4 0 4 0 0 0 3 2 5 4 4 3 3 0 5 
1328 0 5 5 3 1 0 1 1 5 1 0 3 0 0 0 
1329 3 3 0 0 4 4 0 0 4 0 1 2 4 5 1 
1330 2 2 0 0 0 0 1 5 1 0 1 2 0 4 2 
1331 0 2 0 1 5 5 4 4 0 0 0 2 0 0 4 
1332 2 0 1 4 0 2 0 5 4 1 5 3 0 0 0 
1333 2 0 0 5 0 2 4 3 1 0 0 4 5 0 5 
1334 0 1 5 0 3 5 0 1 3 5 2 0 2 1 1 
1335 3 0 0 2 0 5 1 1 5 0 5 0 0 0 3 
1336 0 0 2 3 1 1 1 0 0 4 0 0 1 0 2 
1337 3 0 0 0 3 1 1 5 5 3 0 4 0 4 4 
1338 0 0 0 3 0 3 0 5 0 0 3 1 0 3 3 
1339 0 2 3 0 0 5 5 0 0 0 5 0 0 2 5 
1340 0 3 0 2 0 1 4 3 1 0 0 5 3 5 0 
1341 0 3 1 4 0 5 0 0 4 3 3 0 3 0 3 
1342 4 2 0 0 0 3 5 2 4 1 3 0 0 4 5 
1343 5 0 3 3 2 4 0 2 0 3 3 2 1 0 0 
1344 1 0 0 0 4 3 3 5 0 5 3 0 0 0 4 
1345 2 2 1 2 0 2 4 1 1 0 0 1 2 5 2 
1346 1 0 0 0 0 1 0 3 4 4 2 5 0 2 3 
1347 0 4 3 1 4 2 2 3 3 0 0 4 0 3 0 
1348 0 4 3 0 0 5 0 2 0 0 0 4 0 0 3 
1349 2 1 1 3 5 1 0 1 0 1 0 4 3 0 3 
1350 3 0 4 5 2 2 0 0 0 2 4 3 5 0 2 
1351 0 0 0 0 5 4 4 0 0 0 1 1 0 5 4 
1352 1 0 0 0 0 1 0 3 0 1 0 0 0 5 2 
1353 4 5 0 0 3 0 0 0 0 5 2 0 3 0 4 
1354 0 0 5 5 0 3 1 5 1 4 1 0 0 4 0 
1355 0 2 3 0 2 4 3 0 0 4 2 0 4 3 2 
1356 0 3 4 0 4 5 5 1 2 4 1 0 2 5 3 
1357 2 0 1 2 1 1 0 0 0 0 4 4 2 0 2 
1358 0 3 1 0 0 4 0 0 4 1 5 5 0 1 4 
1359 4 0 0 2 0 5 0 0 0 2 3 1 0 0 0 
1360 3 5 5 2 1 4 5 0 1 0 0 3 0 3 4 
1361 0 0 5 3 0 2 5 0 0 0 3 1 2 2 5 
1362 0 4 0 0 2 4 4 0 0 1 5 3 2 0 0 
1363 0 1 1 4 5 0 0 5 0 1 4 2 0 0 0 
1364 4 1 0 4 0 0 0 3 5 0 0 1 5 0 0 
1365 0 0 0 0 3 4 4 1 2 0 0 3 0 3 2 
1366 1 5 5 5 5 2 2 5 0 1 2 5 5 0 1 
1367 0 0 3 0 0 2 0 2 0 4 1 0 0 0 0 
1368 1 5 0 1 0 0 5 0 3 2 0 0 0 4 1 
1369 0 3 0 0 0 0 0 0 0 3 0 4 2 5 0 
1370 5 0 4 0 5 4 0 0 3 0 1 0 3 1 2 
1371 2 0 0 0 3 2 4 2 4 4 0 2 0 0 5 
1372 0 4 0 2 0 0 3 0 4 1 0 0 3 0 1 
1373 3 1 0 0 2 0 2 4 2 0 0 3 0 0 0 
1374 4 5 4 0 0 0 0 4 3 2 0 1 0 0 1 
1375 4 4 1 5 4 0 0 3 5 2 2 2 2 0 3 
1376 1 0 0 1 5 0 1 0 4 0 0 3 4 0 1 
1377 5 2 3 0 0 0 0 0 1 0 0 2 3 0 4 
1378 0 0 4 0 3 0 4 4 4 0 5 1 3 0 0 
1379 0 4 3 0 3 1 0 3 4 2 0 3 2 0 0 
1380 4 0 0 0 4 3 0 2 1 1 4 0 4 0 3 
1381 2 0 0 5 0 3 4 2 5 3 0 5 0 2 0 
1382 4 0 0 3 2 0 3 2 3 4 5 0 1 5 4 
1383 4 2 1 1 1 0 3 5 0 0 5 1 3 0 1 
1384 0 0 0 0 0 0 2 0 0 0 4 0 4 0 0 
1385 1 0 0 3 0 0 5 0 3 0 5 0 1 0 4 
1386 1 2 4 0 1 4 0 2 3 4 0 5 5 4 0 
1387 0 4 1 4 2 3 3 0 4 2 0 5 1 0 4 
1388 3 2 3 0 0 2 5 3 0 2 1 5 2 2 4 
1389 1 4 4 5 0 0 0 3 4 0 0 0 4 0 0 
1390 2 1 2 5 3 3 0 4 0 1 2 1 0 1 1 
1391 0 5 2 0 4 5 5 0 1 0 1 5 5 0 4 
1392 1 1 3 5 3 3 0 5 1 4 0 0 0 5 0 
1393 0 4 2 2 0 2 0 3 0 2 3 0 3 0 0 
1394 1 4 4 0 0 0 0 4 2 1 0 2 4 0 0 
1395 4 1 0 4 0 0 0 3 5 3 1 3 0 4 2 
1396 0 3 0 3 0 0 0 0 3 0 1 2 0 0 2 
1397 1 2 2 4 3 0 1 4 5 2 0 0 5 0 0 
1398 0 4 3 3 2 5 3 4 2 1 0 4 4 0 5 
1399 4 4 5 4 0 0 3 2 3 0 5 2 3 5 2 
1400 5 4 0 0 0 5 0 2 2 4 1 3 0 0 4 
1401 5 0 5 0 1 3 1 0 4 2 1 1 0 0 4 
1402 1 3 1 0 0 0 0 3 0 0 4 2 3 0 1 
1403 2 2 4 4 1 1 2 1 0 0 0 4 5 0 3 
1404 1 2 3 0 1 3 0 0 1 0 2 4 4 0 0 
1405 0 3 2 0 0 0 0 5 1 2 5 0 3 1 5 
1406 5 1 2 1 0 3 0 0 0 0 2 0 0 3 3 
1407 3 4 5 5 1 2 1 0 0 0 2 0 3 0 0 
1408 0 1 5 0 0 0 1 3 0 3 4 1 1 2 0 
1409 0 0 0 1 4 5 2 0 5 3 1 0 0 0 0 
1410 0 5 1 0 1 5 5 4 0 0 0 0 0 0 3 
1411 0 0 2 4 0 5 2 2 0 0 0 4 2 5 2 
1412 0 0 0 1 4 5 5 4 2 0 0 2 1 5 1 
1413 0 5 0 4 2 5 0 0 5 0 3 0 0 3 0 
1414 0 2 4 0 0 0 5 0 0 2 0 1 0 1 1 
1415 1 0 0 0 2 0 5 2 0 3 4 0 3 1 1 
1416 4 2 0 0 0 0 5 0 4 4 0 0 0 1 4 
1417 0 1 0 1 2 0 2 0 0 0 4 4 4 3 0 
1418 2 4 5 3 5 0 2 5 0 0 0 0 3 4 0 
1419 2 0 2 0 4 1 4 0 0 3 1 5 0 1 0 
1420 2 0 0 5 1 3 0 1 4 0 1 0 2 0 0 
1421 1 3 0 0 0 3 0 5 3 0 0 0 3 3 2 
1422 5 1 3 0 5 0 0 0 2 0 5 0 5 2 0 
1423 5 2 0 2 2 4 0 0 5 2 2 4 5 4 0 
1424 2 1 4 1 4 0 4 0 4 0 0 0 3 0 5 
1425 2 5 0 3 5 0 0 1 2 2 1 0 4 3 1 
1426 1 4 0 1 3 2 0 2 0 0 4 2 0 0 1 
1427 5 1 2 1 1 4 2 2 1 0 1 0 0 4 2 
1428 0 1 5 0 3 3 1 0 0 3 5 1 0 1 1 
1429 3 4 0 0 0 0 2 2 5 0 4 1 1 0 5 
1430 5 0 0 0 4 0 4 3 0 0 0 0 5 5 2 
1431 0 5 3 4 0 0 5 1 4 1 2 5 1 0 0 
1432 0 0 0 5 2 0 0 0 5 0 5 0 1 0 2 
1433 0 2 0 1 0 1 0 3 0 2 0 5 0 2 0 
1434 2 3 0 2 1 1 5 0 4 0 4 4 0 4 2 
1435 2 0 5 0 5 5 0 3 4 0 0 0 0 4 1 
1436 3 0 1 1 5 4 0 3 1 3 4 3 3 5 0 
1437 0 0 0 0 4 3 3 1 5 1 4 0 5 0 1 
1438 0 2 5 2 3 5 3 0 0 0 0 3 4 0 0 
1439 0 1 0 4 2 0 4 3 5 0 3 0 3 0 0 
1440 5 0 1 4 3 3 1 0 5 0 4 5 0 4 1 
1441 5 2 0 3 3 0 2 0 0 0 0 0 4 1 0 
1442 0 1 2 0 4 5 0 5 0 0 2 2 4 0 0 
1443 0 3 4 3 2 0 0 0 4 0 0 1 2 3 5 
1444 3 2 0 0 0 0 0 1 0 2 0 0 4 4 0 
1445 0 2 1 5 5 5 0 3 1 2 2 0 0 0 2 
1446 2 0 3 4 0 4 4 5 0 4 0 5 3 2 0 
1447 0 3 1 0 0 2 3 3 5 0 0 3 1 3 1 
1448 0 5 2 0 0 0 3 0 0 3 0 0 0 4 0 
1449 0 5 0 1 0 0 1 0 0 0 0 4 1 0 1 
1450 0 2 0 1 0 0 0 5 0 0 3 5 0 0 0 
1451 1 3 4 4 0 0 0 0 1 5 5 4 4 2 1 
1452 5 4 3 5 0 3 0 3 1 4 1 0 3 2 3 
1453 1 0 0 0 1 1 0 0 0 4 0 0 2 0 0 
1454 2 0 5 1 0 0 0 0 0 0 0 4 4 5 0 
1455 2 2 1 4 0 3 1 0 0 2 5 2 0 4 3 
1456 0 5 1 0 3 5 0 0 0 5 0 0 1 0 5 
1457 1 0 4 0 0 0 0 4 3 0 0 0 0 1 0 
1458 3 1 0 0 0 5 0 0 0 5 1 1 2 4 3 
1459 0 5 1 0 1 0 0 2 0 3 0 1 3 1 0 
1460 2 0 0 3 0 2 5 3 0 0 0 0 0 5 5 
1461 5 1 0 5 0 0 1 4 1 4 5 0 0 4 5 
1462 0 4 0 0 1 5 4 0 0 0 1 0 0 0 3 
1463 5 5 0 4 5 0 5 1 0 4 0 5 5 0 0 
1464 4 0 0 1 4 2 0 3 2 5 4 0 0 0 0 
1465 3 2 2 0 2 4 4 0 4 0 0 3 2 0 0 
1466 0 3 0 0 0 0 0 1 4 0 1 2 5 5 0 
1467 5 1 1 0 3 0 4 0 0 0 0 4 2 0 4 
1468 0 2 5 4 4 0 1 3 0 3 2 5 2 4 0 
1469 1 0 0 0 3 0 0 0 0 0 5 2 1 3 0 
1470 0 3 0 2 4 0 0 0 2 1 4 5 3 5 4 
1471 5 5 2 1 0 2 4 4 0 0 0 2 4 1 0 
1472 0 3 1 4 2 5 5 4 0 0 2 2 0 3 2 
1473 1 5 0 5 0 0 2 0 2 0 0 2 3 1 1 
1474 5 1 3 3 0 5 5 4 3 3 1 4 3 1 2 
1475 0 0 1 1 2 0 0 5 2 2 4 5 0 1 2 
1476 0 1 0 3 0 3 5 3 1 5 0 5 0 3 2 
1477 0 0 4 0 3 2 2 5 4 3 0 1 0 0 5 
1478 1 0 0 1 0 3 0 3 5 0 3 0 5 2 0 
1479 0 2 3 4 0 1 5 4 0 0 0 0 2 2 0 
1480 3 3 1 3 5 1 0 5 3 4 0 0 0 3 0 
1481 1 0 0 0 2 2 3 4 0 0 4 0 5 0 0 
1482 2 4 5 5 0 0 0 1 5 0 4 1 1 4 0 
1483 1 5 0 3 1 0 3 0 0 0 1 1 0 0 0 
1484 1 3 5 0 0 4 0 5 2 0 5 0 1 2 5 
1485 3 0 0 2 4 4 5 3 5 0 0 0 5 2 4 
1486 1 1 0 2 5 0 0 0 0 5 0 3 4 0 4 
1487 5 2 0 0 3 0 4 0 2 0 0 0 0 0 0 
1488 3 0 5 3 0 0 0 0 0 0 3 0 0 4 0 
1489 0 1 3 0 5 5 0 0 3 0 1 0 0 0 0 
1490 2 5 0 5 0 0 3 0 0 0 4 0 4 0 5 
1491 1 1 4 5 0 5 0 3 0 0 3 4 0 4 0 
1492 1 0 0 0 0 2 0 2 1 3 2 0 1 0 0 
1493 0 0 1 5 2 3 0 3 0 0 3 0 0 0 2 
1494 0 4 3 0 1 0 0 3 4 0 3 0 4 3 1 
1495 2 0 0 0 0 0 2 2 0 3 4 4 5 2 5 
1496 0 5 3 4 0 5 0 0 0 4 2 0 1 1 3 
1497 0 3 0 0 3 1 4 0 0 5 2 0 1 2 0 
1498 5 0 0 0 5 1 1 1 0 0 0 1 4 0 3 
1499 0 5 4 5 2 3 0 4 0 0 2 0 0 2 5 
1500 1 0 0 0 0 0 4 0 5 0 5 0 4 0 0 
1501 20 0 0 0 0 0 0 0 0 0 0 0 0 0 0 
1502 0 20 0 0 0 0 0 0 0 0 0 0 0 0 0 
1503 0 0 20 0 0 0 0 0 0 0 0 0 0 0 0 
1504 0 0 0 20 0 0 0 0 0 0 0 0 0 0 0 
1505 0 0 0 0 20 0 0 0 0 0 0 0 0 0 0 
1506 0 0 0 0 0 20 0 0 0 0 0 0 0 0 0 
1507 0 0 0 0 0 0 20 0 0 0 0 0 0 0 0 
1508 0 0 0 0 0 0 0 20 0 0 0 0 0 0 0 
1509 0 0 0 0 0 0 0 0 20 0 0 0 0 0 0 
1510 0 0 0 0 0 0 0 0 0 20 0 0 0 0 0 
1511 0 0 0 0 0 0 0 0 0 0 20 0 0 0 0 
1512 0 0 0 0 0 0 0 0 0 0 0 20 0 0 0 
1513 0 0 0 0 0 0 0 0 0 0 0 0 20 0 0 
1514 0 0 0 0 0 0 0 0 0 0 0 0 0 20 0 
1515 0 0 0 0 0 0 0 0 0 0 0 0 0 0 20 
MDEPOT_SECTION
1501 1502 1503 1504 1505 1506 1507 1508 1509 1510 1511 1512 1513 1514 1515 
EOF
