TYPE: HDVRPSV
DEMAND_DIMENSION: 15
DIMENSION: 1515
DEPOT_NUMBERS: 15
EDGE_WEIGHT_TYPE: EUC_2D
MCAPACITY: 
1 20 20 20 20 20 20 20 20 20 20 20 20 20 20 20 
NODE_COORD_SECTION
1 270.05 1772.57
2 6.37 636.79
3 1512.88 925.95
4 110.97 785.99
5 869.05 1444.51
6 131.01 971.16
7 1052.0 1571.56
8 158.82 854.0
9 302.12 1765.81
10 342.57 1695.02
11 1058.83 1360.87
12 1076.61 229.61
13 1566.97 1504.07
14 1016.99 1162.63
15 205.23 1636.35
16 1011.16 381.74
17 1767.5 1813.91
18 684.68 692.28
19 1611.38 1584.45
20 1505.68 429.3
21 851.9 739.61
22 1562.37 1524.33
23 1049.1 400.51
24 1587.05 1187.05
25 1769.66 1262.15
26 38.76 171.02
27 1272.84 1864.56
28 470.36 1292.44
29 153.71 688.23
30 1858.69 1108.42
31 1007.06 567.27
32 1015.56 1271.96
33 872.71 608.14
34 485.61 535.89
35 292.14 234.69
36 1906.28 1417.28
37 1898.24 431.16
38 1455.58 531.35
39 215.37 1484.67
40 1342.27 1163.51
41 1015.01 899.18
42 305.16 1683.89
43 1097.07 1522.89
44 1906.57 322.23
45 10.46 978.39
46 875.88 739.57
47 1981.7 784.52
48 199.17 473.61
49 433.03 1694.31
50 118.93 1615.12
51 1711.43 1614.71
52 1791.18 1762.41
53 1970.45 161.17
54 1473.84 1649.84
55 558.65 437.37
56 682.34 1126.78
57 1200.83 1140.99
58 348.39 1606.79
59 64.06 884.45
60 291.8 1305.72
61 1153.52 465.65
62 1961.42 1604.97
63 53.06 541.14
64 382.9 1081.43
65 860.42 1374.01
66 1961.37 390.33
67 391.95 1650.78
68 1799.6 427.51
69 1813.63 835.73
70 1805.23 848.26
71 818.38 1258.57
72 1131.93 1943.55
73 354.86 653.83
74 1305.06 1799.49
75 86.09 1572.46
76 1346.98 55.31
77 717.76 480.97
78 1535.91 1903.7
79 747.07 202.38
80 1901.07 413.04
81 1335.58 403.27
82 966.37 1479.88
83 345.74 601.39
84 1944.5 804.8
85 474.4 1664.63
86 1410.83 1301.59
87 32.63 1746.73
88 840.1 1868.9
89 1680.98 923.22
90 1537.17 971.43
91 1269.59 1624.24
92 1966.4 302.42
93 742.59 1049.35
94 1507.16 23.74
95 228.55 22.62
96 1941.69 252.88
97 927.32 1506.94
98 510.79 1203.6
99 99.99 637.91
100 107.16 940.74
101 245.14 1831.76
102 737.01 1353.68
103 1883.75 626.14
104 860.54 1780.35
105 21.68 834.88
106 1801.5 869.39
107 1014.45 583.44
108 1914.41 1725.03
109 1747.44 266.45
110 630.38 1917.82
111 807.44 87.3
112 1156.43 258.42
113 998.06 224.04
114 344.28 674.65
115 1647.17 808.16
116 422.08 419.25
117 501.56 1197.76
118 1411.07 1260.3
119 108.94 1107.59
120 945.88 1887.07
121 769.86 749.06
122 920.1 1509.54
123 375.98 810.04
124 947.59 1621.94
125 1743.02 1730.27
126 1138.28 147.87
127 1254.55 1627.29
128 574.71 1995.3
129 1937.86 1785.51
130 1522.67 932.88
131 483.75 1563.55
132 186.18 372.01
133 46.81 1035.23
134 231.64 413.6
135 1138.85 436.86
136 1199.58 1458.17
137 1460.25 218.6
138 833.02 914.78
139 1670.96 1550.76
140 931.33 889.57
141 1871.82 1739.68
142 1680.75 923.19
143 1964.05 1527.88
144 779.33 860.08
145 1392.79 1197.6
146 530.81 1609.34
147 1216.91 344.4
148 1342.63 1022.55
149 453.93 1247.8
150 1196.9 1641.54
151 1426.76 963.74
152 525.78 1487.39
153 203.3 1029.03
154 1155.57 333.99
155 1982.6 221.93
156 562.83 518.9
157 784.39 378.17
158 415.4 39.51
159 202.62 1158.8
160 635.92 1209.18
161 453.53 1815.03
162 1889.89 1487.76
163 1037.57 306.34
164 1800.42 1952.23
165 1090.29 824.47
166 1777.91 133.25
167 985.32 395.64
168 539.22 1728.63
169 316.58 595.92
170 1110.99 384.46
171 1331.56 1636.64
172 952.19 1150.05
173 1429.03 867.01
174 1174.21 104.51
175 1108.86 1696.52
176 1617.03 476.4
177 1937.6 111.79
178 101.77 156.15
179 525.36 1041.82
180 317.9 194.38
181 1107.15 1325.44
182 866.78 374.52
183 957.59 888.1
184 874.67 641.21
185 622.61 148.21
186 1859.33 715.11
187 1271.25 742.35
188 1542.49 1374.25
189 643.52 698.27
190 619.98 1902.4
191 1939.38 803.29
192 70.38 1386.83
193 942.11 636.23
194 378.92 1877.9
195 1881.87 1945.71
196 1810.89 1067.06
197 158.82 189.47
198 875.18 52.32
199 1108.91 90.15
200 613.68 436.24
201 668.31 1901.81
202 1793.7 448.22
203 365.7 330.82
204 299.52 1780.53
205 829.65 1043.09
206 694.04 909.29
207 1988.21 426.47
208 1723.97 231.81
209 86.0 1491.63
210 555.73 1284.98
211 1934.1 1026.03
212 1504.97 1953.13
213 1464.55 871.69
214 37.94 71.1
215 1887.12 249.32
216 140.81 1291.68
217 202.67 234.13
218 251.46 1090.23
219 1791.96 1804.43
220 1043.64 479.2
221 195.29 654.32
222 1137.44 552.28
223 1098.64 1433.92
224 895.25 800.11
225 301.6 1048.44
226 1992.62 1649.39
227 1960.95 1304.67
228 1642.77 310.31
229 1217.05 101.85
230 421.67 1420.94
231 1902.92 747.94
232 1394.06 1650.0
233 1580.66 1693.17
234 806.07 826.46
235 420.61 1488.97
236 278.47 1902.5
237 378.15 752.99
238 239.98 41.26
239 910.62 1854.96
240 1804.53 874.63
241 803.82 1382.53
242 534.91 973.98
243 1719.85 1717.55
244 1806.59 354.29
245 1510.42 530.91
246 1667.88 92.59
247 349.58 137.8
248 324.32 1546.74
249 1915.15 1601.56
250 168.98 383.19
251 428.48 258.03
252 1380.14 241.24
253 349.79 506.23
254 1208.49 614.75
255 1355.32 51.15
256 724.35 840.61
257 1949.28 878.13
258 1793.92 1745.2
259 722.76 1892.46
260 686.4 1003.25
261 1101.42 1888.78
262 1863.41 804.08
263 133.11 450.81
264 889.45 1255.84
265 1299.93 1997.48
266 509.98 1316.06
267 109.16 1311.18
268 917.81 1102.27
269 566.75 693.82
270 586.57 259.11
271 1042.2 1145.67
272 1798.61 810.27
273 1461.32 1578.4
274 1052.7 1743.94
275 1609.17 943.83
276 995.02 427.97
277 1611.01 1694.86
278 1513.83 1596.97
279 1637.25 1656.02
280 53.68 126.08
281 466.93 295.52
282 1697.57 1055.63
283 657.31 23.16
284 729.37 1307.13
285 1533.08 1539.35
286 1224.88 960.31
287 619.12 429.65
288 1051.21 664.45
289 1606.33 1814.7
290 539.45 1862.08
291 1482.07 486.06
292 1698.64 825.1
293 1650.71 474.7
294 954.12 1038.01
295 1683.82 1057.58
296 851.81 435.04
297 819.25 1550.18
298 1237.51 1029.94
299 800.33 734.49
300 363.85 1691.92
301 1935.28 1681.14
302 1608.95 1646.52
303 79.71 392.02
304 1144.39 1048.08
305 1588.87 1681.81
306 79.62 103.72
307 732.1 1190.5
308 26.95 475.07
309 1008.42 634.52
310 391.88 1456.57
311 1336.86 985.7
312 102.91 1115.28
313 1284.38 884.7
314 1535.77 961.47
315 22.01 230.52
316 1731.57 1707.9
317 1628.7 1638.49
318 866.26 93.71
319 216.43 969.28
320 1465.2 1033.7
321 798.96 255.96
322 543.75 1098.81
323 1085.65 1933.04
324 1313.74 797.58
325 562.79 181.1
326 1483.45 853.21
327 1560.03 324.29
328 1652.13 761.3
329 1819.21 1730.36
330 1936.13 93.38
331 1252.1 1271.83
332 1027.59 106.23
333 1007.35 1251.77
334 1255.23 1375.05
335 771.05 387.57
336 896.28 902.46
337 3.46 200.4
338 1082.83 119.94
339 1696.84 1820.02
340 147.89 704.27
341 357.63 1340.24
342 1787.84 1076.46
343 1572.68 112.78
344 1650.15 1720.61
345 256.33 1455.01
346 283.15 1456.31
347 1879.07 670.69
348 130.23 1842.52
349 1789.8 824.25
350 340.67 261.22
351 192.75 1031.01
352 229.1 1370.69
353 1886.21 1325.17
354 1929.71 76.01
355 1365.24 57.69
356 205.61 1229.73
357 1768.36 1774.53
358 191.94 821.83
359 1018.67 1945.42
360 1963.91 1469.19
361 951.06 98.87
362 377.73 1797.0
363 1167.16 1265.17
364 972.82 178.91
365 143.9 1913.0
366 1994.48 540.03
367 1469.9 616.68
368 1144.95 984.94
369 344.24 274.11
370 248.63 236.51
371 1268.53 1406.38
372 424.08 940.8
373 323.01 1457.8
374 1498.81 1513.77
375 138.09 1023.58
376 1469.3 1260.34
377 1327.21 1294.35
378 427.96 1736.55
379 1943.49 477.86
380 104.54 1585.3
381 1009.12 231.33
382 1388.31 1270.54
383 97.39 67.2
384 1077.62 1018.13
385 290.21 1908.31
386 1357.23 1135.56
387 1792.85 466.55
388 1895.95 63.06
389 465.78 556.11
390 79.36 553.86
391 294.33 1474.99
392 355.26 522.8
393 1081.74 1214.84
394 177.36 1360.97
395 480.53 737.9
396 1900.53 1511.43
397 1381.76 1272.21
398 1480.54 425.76
399 1609.2 236.19
400 1483.28 655.37
401 857.35 1686.96
402 591.02 403.28
403 960.38 1234.8
404 1961.94 1107.17
405 1805.9 206.25
406 1301.79 495.68
407 969.14 649.72
408 1828.91 771.08
409 1055.49 939.67
410 86.63 1170.35
411 1071.03 455.29
412 1505.32 1367.61
413 1341.49 843.29
414 143.52 1638.09
415 1863.94 935.12
416 331.39 970.26
417 1501.87 1298.1
418 275.12 51.44
419 1084.91 888.54
420 615.65 797.03
421 1233.39 586.94
422 479.99 1530.55
423 1816.73 228.09
424 23.16 229.8
425 276.14 905.43
426 95.91 1202.89
427 36.56 172.97
428 127.71 1598.14
429 847.85 1711.44
430 1000.94 1229.61
431 1247.42 1008.95
432 1153.22 128.43
433 1331.7 1422.98
434 1173.59 1562.34
435 1235.41 1022.6
436 688.7 1601.4
437 827.87 435.49
438 1030.05 642.09
439 1747.75 9.3
440 1407.95 140.39
441 1800.95 1634.34
442 545.98 1333.45
443 1861.29 756.7
444 678.23 864.98
445 171.07 441.05
446 286.92 1817.83
447 383.25 611.18
448 93.76 837.56
449 1494.45 1601.5
450 885.34 1033.05
451 1109.77 741.3
452 296.5 933.46
453 924.26 947.01
454 1072.93 160.35
455 1085.03 225.4
456 830.94 1005.86
457 397.3 1161.82
458 495.64 29.41
459 39.55 1368.12
460 1458.3 3.5
461 794.59 785.3
462 1715.39 29.55
463 1250.99 1097.28
464 527.24 454.45
465 1812.87 1425.95
466 329.34 477.96
467 1221.35 1950.8
468 288.52 821.85
469 310.26 111.34
470 1010.63 868.43
471 901.57 612.18
472 351.4 1730.56
473 88.69 1198.77
474 756.11 934.74
475 1596.44 1245.73
476 1508.38 325.07
477 1299.1 922.17
478 1464.68 1283.77
479 1481.05 301.46
480 1720.74 1820.3
481 1602.65 1005.19
482 1660.02 949.29
483 1384.32 773.05
484 1726.78 1497.86
485 220.75 1786.32
486 338.13 1715.79
487 922.16 1940.08
488 309.16 68.79
489 1948.85 1929.92
490 1673.52 1562.92
491 825.85 1543.62
492 860.81 457.51
493 1968.72 840.56
494 934.57 1711.28
495 1826.58 377.39
496 1554.87 1645.99
497 426.77 1996.0
498 1060.39 1412.95
499 154.35 1270.94
500 1275.67 628.53
501 88.68 1530.76
502 1515.58 1047.57
503 1907.16 1199.45
504 261.59 1460.38
505 872.48 68.61
506 156.16 1697.72
507 52.25 609.01
508 794.16 460.32
509 160.2 58.53
510 231.51 848.0
511 913.77 969.93
512 1905.38 1946.21
513 1184.37 368.44
514 624.29 1730.51
515 281.9 1539.14
516 1124.71 89.69
517 431.31 840.08
518 753.67 1893.2
519 3.11 420.1
520 117.82 1100.95
521 1509.49 491.08
522 1479.26 1334.7
523 61.27 1306.77
524 1364.26 1493.58
525 608.26 950.74
526 1056.19 1572.49
527 1551.94 80.4
528 506.51 1281.27
529 1592.25 324.94
530 1924.02 1919.31
531 624.4 108.51
532 218.31 1572.21
533 429.45 867.35
534 759.04 1352.16
535 1072.14 1743.24
536 1276.12 1364.89
537 1563.47 234.14
538 624.44 1126.32
539 258.76 1045.58
540 1735.82 654.32
541 1948.2 1341.55
542 264.97 1707.97
543 219.34 1133.06
544 1864.32 725.8
545 1682.83 1516.64
546 304.04 1710.42
547 73.32 789.38
548 786.3 448.02
549 1147.27 1906.11
550 1096.47 860.43
551 1997.94 780.5
552 376.95 1003.52
553 1204.09 1290.66
554 988.04 328.07
555 134.36 584.97
556 1391.64 981.06
557 1717.23 1804.52
558 296.03 787.77
559 1130.26 1253.12
560 894.25 1572.65
561 1510.86 209.04
562 14.36 1788.13
563 691.67 635.22
564 812.25 1892.6
565 925.5 1994.35
566 736.44 1552.46
567 752.39 119.1
568 884.29 1336.84
569 447.37 471.18
570 1849.42 1608.51
571 1140.01 1123.66
572 647.61 1722.73
573 1161.87 1862.81
574 1329.03 481.5
575 850.92 1516.23
576 1950.33 1013.58
577 1504.82 1066.76
578 714.47 1067.46
579 394.48 722.29
580 1677.45 867.82
581 1707.75 322.12
582 1937.74 1734.8
583 840.15 750.28
584 1953.7 388.57
585 1535.32 393.73
586 1227.99 1023.57
587 926.32 970.94
588 788.62 1341.62
589 1599.22 566.88
590 339.76 451.01
591 1857.94 1385.24
592 1986.71 259.45
593 133.14 1920.63
594 1307.96 812.94
595 533.46 1195.36
596 1075.73 1473.66
597 625.84 1275.34
598 291.85 1638.43
599 1023.39 1197.73
600 1895.73 1205.61
601 103.74 329.52
602 1754.28 326.53
603 1260.4 1033.89
604 1944.11 3.36
605 663.3 193.33
606 1163.64 1488.9
607 1550.17 156.76
608 1401.71 1394.63
609 1058.82 934.78
610 1985.31 478.0
611 1970.27 372.88
612 642.23 1103.55
613 1781.69 1943.11
614 1747.12 1518.88
615 1305.3 897.1
616 1183.23 253.6
617 36.09 1983.79
618 1453.35 466.06
619 1551.35 326.52
620 289.09 1504.42
621 1078.62 614.3
622 362.03 927.67
623 695.28 14.39
624 303.6 448.9
625 1365.78 540.46
626 944.61 1258.59
627 715.84 867.53
628 891.53 198.49
629 1480.27 456.06
630 927.08 1716.09
631 1039.1 319.9
632 972.93 65.61
633 1765.59 869.72
634 592.14 424.47
635 425.67 1124.25
636 1870.15 368.24
637 1423.2 426.04
638 139.07 592.41
639 1504.63 566.7
640 1291.14 710.3
641 1151.28 1026.54
642 901.65 1580.86
643 1683.58 1904.56
644 1223.62 965.04
645 610.3 687.61
646 879.64 944.16
647 1166.48 1122.39
648 1818.62 1733.36
649 706.28 1019.42
650 1416.38 1728.31
651 116.54 1062.34
652 368.75 844.41
653 761.87 854.24
654 794.11 1663.45
655 674.89 95.56
656 6.25 959.23
657 401.04 383.85
658 671.99 632.72
659 1587.53 867.03
660 1116.07 161.43
661 909.76 232.82
662 1385.66 650.39
663 1614.65 81.82
664 136.12 267.14
665 725.71 1807.11
666 1436.31 294.77
667 845.89 997.64
668 1027.42 189.21
669 1438.4 744.05
670 1142.31 1152.18
671 306.14 1094.84
672 1940.31 1649.34
673 1551.23 583.61
674 450.12 1742.15
675 183.72 1081.78
676 3.06 198.32
677 1043.69 1506.27
678 1194.01 1990.91
679 1581.15 1602.56
680 1732.32 1379.87
681 338.06 1487.35
682 1069.86 1718.71
683 1501.41 1122.54
684 1366.81 1685.43
685 1119.27 1934.32
686 1031.89 852.56
687 239.15 1531.14
688 807.95 1160.26
689 12.76 1782.37
690 818.47 1140.69
691 832.66 794.24
692 726.97 1272.34
693 1272.94 298.09
694 716.23 692.88
695 68.93 733.4
696 1617.21 36.58
697 1413.02 117.49
698 1551.52 54.35
699 508.64 583.71
700 754.9 761.09
701 191.43 634.67
702 927.11 1632.69
703 990.74 1311.33
704 115.74 15.67
705 531.57 692.72
706 921.33 119.58
707 610.63 1594.08
708 847.68 490.39
709 798.98 678.65
710 1172.36 1306.53
711 611.39 764.91
712 716.24 861.82
713 1436.14 10.76
714 442.42 799.96
715 443.43 650.92
716 946.74 208.63
717 672.62 586.01
718 1472.67 1742.64
719 1632.92 159.34
720 258.58 1007.3
721 1777.73 1929.79
722 584.94 992.1
723 52.48 780.61
724 433.61 998.2
725 1020.28 228.03
726 357.53 186.26
727 606.77 1190.26
728 191.7 1512.25
729 126.16 1739.24
730 1517.14 1656.85
731 917.11 1517.23
732 292.08 1732.71
733 728.89 732.63
734 464.19 1531.19
735 1669.87 122.97
736 642.27 773.08
737 1439.35 339.03
738 85.89 335.86
739 439.23 1311.17
740 455.2 1039.54
741 1317.55 1928.49
742 970.96 1757.81
743 1577.35 1371.07
744 315.65 564.87
745 1814.64 68.65
746 900.09 888.21
747 1429.95 450.36
748 509.33 1294.42
749 542.97 1482.6
750 888.49 1463.38
751 108.13 55.48
752 142.65 1521.63
753 823.68 1344.67
754 1683.09 1444.33
755 1072.41 1447.92
756 344.05 1551.45
757 272.3 399.95
758 1277.76 1801.32
759 1657.22 746.52
760 560.42 1769.5
761 1713.1 135.92
762 1986.15 90.26
763 634.38 1222.99
764 1977.7 732.02
765 1205.94 1664.32
766 1390.82 1730.27
767 895.57 1333.2
768 1137.12 1825.66
769 82.62 1820.61
770 77.22 437.72
771 986.37 709.29
772 786.7 642.49
773 136.54 1585.85
774 173.18 337.64
775 153.05 514.62
776 1756.29 1343.47
777 1646.98 1987.56
778 1774.44 651.17
779 812.76 1476.56
780 197.18 1476.07
781 1155.57 496.61
782 504.71 1783.99
783 907.43 1172.22
784 316.66 619.65
785 1426.71 10.38
786 1230.22 1176.02
787 40.09 694.1
788 1262.52 403.02
789 1640.24 409.88
790 1832.66 1740.83
791 279.92 894.61
792 1218.91 1167.9
793 1979.53 1601.22
794 284.34 1495.01
795 591.49 255.34
796 1622.24 83.6
797 682.76 1839.14
798 522.34 962.57
799 852.36 213.59
800 504.68 1188.63
801 420.93 952.81
802 652.6 99.91
803 610.27 41.27
804 1462.99 871.31
805 1361.6 532.52
806 316.86 1981.65
807 492.28 678.7
808 65.27 594.1
809 441.99 441.69
810 659.91 470.77
811 1238.16 1513.0
812 1979.59 1302.37
813 610.86 1786.59
814 1353.22 1987.89
815 344.97 1130.55
816 1629.13 1080.28
817 132.71 777.75
818 1289.52 971.4
819 937.84 1477.94
820 1988.01 1072.37
821 1922.82 1457.5
822 377.05 1981.6
823 1302.95 1501.92
824 1775.47 219.2
825 878.59 74.42
826 1548.12 1334.74
827 1797.11 1697.49
828 1420.96 1398.84
829 515.01 883.19
830 1815.57 142.4
831 1710.66 642.56
832 1857.76 1402.68
833 488.47 633.23
834 458.47 27.52
835 464.93 985.51
836 1251.87 1157.86
837 580.4 435.71
838 1503.8 48.51
839 1845.82 466.86
840 456.65 312.09
841 321.69 1817.99
842 753.18 179.11
843 571.08 1220.95
844 1906.74 136.55
845 1739.77 1812.06
846 372.83 967.8
847 478.57 570.93
848 1393.02 29.07
849 292.4 256.35
850 734.58 993.6
851 1467.79 1978.2
852 1827.66 203.39
853 1240.96 66.33
854 645.85 1103.82
855 1844.86 1519.89
856 1284.37 360.67
857 133.92 1105.26
858 1847.08 1013.57
859 485.0 1038.13
860 214.36 123.8
861 466.37 416.67
862 1812.05 1589.11
863 1484.02 254.91
864 455.77 1963.56
865 1761.04 294.75
866 958.99 409.16
867 1886.96 550.31
868 1875.51 801.59
869 1298.36 991.93
870 1640.03 502.47
871 1114.07 1424.55
872 821.58 813.73
873 1329.39 225.82
874 1340.43 316.56
875 324.86 1273.04
876 1727.35 921.26
877 1785.21 1378.77
878 563.12 634.4
879 1807.97 860.54
880 1518.47 397.04
881 1445.21 436.05
882 44.77 581.71
883 1812.05 732.53
884 238.31 280.23
885 1924.93 252.0
886 1683.09 561.93
887 611.99 1914.71
888 1818.93 845.87
889 1029.1 1560.59
890 1996.75 1951.98
891 965.33 1007.12
892 749.58 672.58
893 25.22 275.99
894 1215.78 1715.13
895 918.66 1430.96
896 1916.25 764.08
897 1324.64 714.19
898 866.12 1676.21
899 1163.53 429.46
900 28.97 485.88
901 335.55 15.82
902 1712.73 837.83
903 612.14 601.68
904 709.23 1152.15
905 239.7 1084.56
906 1251.46 1763.54
907 1709.76 458.67
908 1822.52 1799.04
909 466.94 1922.97
910 1296.31 1978.22
911 375.6 897.62
912 1634.88 857.31
913 1426.74 474.34
914 1689.29 1715.09
915 183.66 1125.75
916 1007.47 1566.1
917 1426.97 312.06
918 1613.96 1370.15
919 515.89 1799.87
920 1637.75 7.7
921 837.64 308.18
922 1603.13 6.59
923 751.04 614.26
924 1393.48 304.62
925 769.05 799.49
926 821.64 1078.42
927 715.2 406.63
928 1128.58 1551.66
929 911.34 1873.47
930 1160.42 291.54
931 698.58 1550.65
932 1661.16 567.85
933 1448.25 622.49
934 1329.65 914.91
935 1674.58 1974.79
936 1272.81 1022.95
937 756.37 1403.89
938 1238.21 70.78
939 1991.01 1321.37
940 1697.91 197.52
941 947.06 224.98
942 758.81 52.94
943 842.93 1910.18
944 123.24 1685.19
945 1618.7 622.5
946 1300.58 1253.13
947 963.52 1454.69
948 676.39 607.24
949 1728.32 1897.43
950 99.63 1075.51
951 425.16 244.06
952 1395.19 364.74
953 1646.14 1964.95
954 1450.34 1658.02
955 2.74 569.13
956 1668.49 771.91
957 103.63 1142.76
958 1974.54 1870.82
959 717.28 1803.34
960 1635.26 201.2
961 75.13 1547.4
962 988.39 1073.08
963 389.6 297.25
964 1744.0 1453.71
965 1281.75 784.71
966 1418.7 1927.75
967 1878.41 1533.55
968 82.56 997.92
969 1476.83 1750.18
970 355.61 730.02
971 1264.19 1827.62
972 25.22 1405.16
973 1773.87 357.82
974 317.14 1760.22
975 749.38 622.45
976 1978.19 1137.0
977 827.63 1618.39
978 1453.41 970.15
979 883.02 1243.44
980 331.47 43.79
981 1944.82 80.39
982 1087.22 324.98
983 49.15 1534.13
984 436.21 1715.44
985 473.02 619.77
986 1436.29 910.07
987 1290.57 1105.23
988 180.23 403.64
989 177.68 110.15
990 1137.49 1511.94
991 1508.54 1343.59
992 1785.49 1467.01
993 1456.67 1893.07
994 1696.64 1414.4
995 176.3 1705.81
996 232.1 1331.52
997 521.87 1419.62
998 1262.74 881.12
999 750.48 909.9
1000 702.88 708.98
1001 550.19 422.59
1002 1401.86 346.49
1003 612.41 582.66
1004 1112.31 1365.82
1005 1664.61 1013.93
1006 1942.53 932.46
1007 607.7 1719.62
1008 476.61 1329.91
1009 1321.02 1124.97
1010 1291.23 824.39
1011 574.41 241.59
1012 1835.06 117.08
1013 1869.61 1205.0
1014 832.98 414.64
1015 1045.51 1780.47
1016 1418.34 1708.68
1017 49.72 544.3
1018 1166.52 1560.25
1019 444.87 163.01
1020 138.13 1551.42
1021 717.58 1760.65
1022 334.14 973.64
1023 649.14 786.25
1024 466.06 1679.72
1025 1332.75 1701.24
1026 1519.2 1505.12
1027 20.93 1345.78
1028 1246.47 1721.4
1029 607.77 1264.9
1030 1120.79 163.45
1031 408.85 1390.54
1032 677.66 308.34
1033 725.78 1412.17
1034 1702.04 579.69
1035 1406.46 1150.99
1036 1890.06 1456.7
1037 1500.69 1516.91
1038 1447.48 453.58
1039 1214.28 502.78
1040 438.54 50.31
1041 1190.14 594.95
1042 366.39 205.42
1043 662.62 606.61
1044 1304.65 1018.46
1045 1380.45 1151.11
1046 557.32 1983.46
1047 1015.14 1316.07
1048 1550.24 986.24
1049 899.89 1361.83
1050 931.74 785.28
1051 1912.41 1951.29
1052 1908.7 1488.68
1053 1392.93 703.42
1054 1899.68 989.25
1055 1829.7 1148.98
1056 236.02 841.34
1057 1501.23 866.77
1058 288.13 480.73
1059 551.89 230.69
1060 1793.48 1591.36
1061 1797.83 1864.22
1062 51.4 677.92
1063 1361.51 1683.17
1064 873.27 1265.57
1065 1329.54 1749.23
1066 1625.47 266.53
1067 750.04 1468.64
1068 1582.32 619.8
1069 1773.37 1930.82
1070 1608.8 1140.49
1071 984.08 1939.2
1072 1885.57 330.13
1073 871.4 440.04
1074 493.27 1819.07
1075 1243.31 1388.84
1076 124.69 1793.88
1077 1532.23 231.87
1078 1765.04 1855.4
1079 1999.01 1691.8
1080 25.99 1375.37
1081 1914.75 649.64
1082 773.96 438.03
1083 1675.12 1791.23
1084 1639.86 276.02
1085 100.07 1300.69
1086 204.78 579.84
1087 749.5 856.9
1088 165.92 28.89
1089 463.82 1897.0
1090 275.82 1532.58
1091 1544.0 979.51
1092 1974.3 984.21
1093 377.98 1539.8
1094 103.12 335.46
1095 1664.61 476.26
1096 382.22 251.66
1097 1786.8 1500.8
1098 1351.52 1323.29
1099 946.99 1515.04
1100 1217.61 93.14
1101 207.3 1895.84
1102 1302.16 1370.72
1103 1648.43 1362.54
1104 305.95 1167.28
1105 1067.89 1617.63
1106 358.11 502.94
1107 1052.77 1128.48
1108 1317.03 59.14
1109 1729.88 1319.03
1110 432.94 1917.9
1111 1778.2 301.81
1112 685.58 1468.75
1113 1966.44 14.82
1114 513.81 11.82
1115 19.23 1181.05
1116 803.54 125.12
1117 1196.06 133.26
1118 620.13 682.64
1119 1757.96 1317.77
1120 572.6 969.42
1121 1464.22 1065.84
1122 1583.35 1218.67
1123 1635.24 975.7
1124 462.64 513.59
1125 1787.31 878.93
1126 1562.37 752.09
1127 1542.05 816.34
1128 1186.52 1166.67
1129 1092.04 700.5
1130 432.34 1366.93
1131 293.94 91.77
1132 569.41 1435.44
1133 957.8 1521.39
1134 1322.22 652.3
1135 1961.27 1251.96
1136 1969.05 293.07
1137 431.94 844.22
1138 1369.26 571.41
1139 519.41 1006.88
1140 1153.31 678.0
1141 958.7 1226.35
1142 426.07 1085.14
1143 974.43 1404.84
1144 747.44 473.15
1145 1264.27 1402.54
1146 1905.95 1936.79
1147 353.75 371.28
1148 1668.4 1602.18
1149 514.94 1829.08
1150 181.88 1734.06
1151 57.58 867.68
1152 88.63 177.97
1153 1307.62 169.28
1154 473.03 1207.84
1155 1464.08 254.28
1156 1598.94 802.51
1157 1364.13 284.26
1158 1043.18 442.01
1159 1283.09 1499.85
1160 1464.23 453.85
1161 527.26 1567.89
1162 900.06 829.25
1163 566.71 264.35
1164 320.1 663.54
1165 618.61 1561.18
1166 1905.08 1088.29
1167 585.12 1195.35
1168 1897.0 1190.26
1169 597.02 878.76
1170 1753.99 958.21
1171 1104.32 281.62
1172 1761.47 1908.12
1173 1407.35 910.57
1174 1710.45 647.46
1175 467.88 712.66
1176 1664.92 1714.82
1177 454.89 164.27
1178 1745.82 662.59
1179 1773.1 712.38
1180 1831.66 197.48
1181 147.11 737.37
1182 590.36 1061.18
1183 936.23 1256.27
1184 661.38 1212.31
1185 459.73 665.37
1186 217.66 343.35
1187 627.92 1537.69
1188 401.92 362.19
1189 1681.63 1092.44
1190 320.73 1712.38
1191 1709.51 1913.12
1192 1773.43 591.15
1193 74.86 353.62
1194 345.44 247.94
1195 124.72 794.44
1196 97.7 366.59
1197 756.37 1203.1
1198 1652.98 624.38
1199 573.19 128.43
1200 122.48 680.47
1201 70.65 1622.76
1202 775.65 1070.6
1203 104.77 983.28
1204 300.21 1171.27
1205 145.86 469.37
1206 1881.34 315.6
1207 16.86 772.05
1208 585.19 163.26
1209 1608.1 394.21
1210 728.66 1739.42
1211 1476.32 1608.4
1212 1621.01 1878.55
1213 1253.07 225.3
1214 870.84 0.69
1215 1046.07 1666.46
1216 1858.22 1583.07
1217 406.0 951.66
1218 437.85 1870.87
1219 96.47 1161.91
1220 235.67 1124.15
1221 537.15 206.2
1222 816.24 373.59
1223 851.86 1210.62
1224 1615.15 1925.11
1225 1302.55 114.23
1226 1058.24 1934.08
1227 1130.11 837.57
1228 1757.95 1031.59
1229 1702.41 315.75
1230 1749.04 843.3
1231 515.23 374.5
1232 1615.11 624.1
1233 1935.97 1033.91
1234 1393.59 1628.02
1235 1338.03 1732.19
1236 1836.31 1498.52
1237 1587.69 553.6
1238 732.7 676.01
1239 931.55 111.36
1240 940.29 608.75
1241 406.13 1455.54
1242 39.47 682.28
1243 1740.66 761.63
1244 813.24 395.91
1245 583.93 460.94
1246 1131.2 98.24
1247 1160.27 446.51
1248 1022.95 1248.02
1249 1361.41 1325.49
1250 1646.77 798.62
1251 1425.09 300.7
1252 1448.47 1555.87
1253 387.86 932.98
1254 260.08 575.2
1255 1950.53 778.48
1256 1820.34 74.02
1257 1241.63 1425.93
1258 256.43 414.14
1259 212.2 527.99
1260 1423.86 1853.79
1261 1365.21 531.37
1262 1582.66 190.79
1263 539.22 186.37
1264 485.79 521.26
1265 511.3 1400.38
1266 598.46 114.76
1267 94.55 359.46
1268 146.25 1007.64
1269 642.61 1433.08
1270 883.9 1866.98
1271 103.79 1580.93
1272 188.2 1724.62
1273 395.95 1025.62
1274 1024.85 951.72
1275 1543.69 351.59
1276 594.49 519.83
1277 1667.38 543.76
1278 1798.7 1995.09
1279 3.46 1930.34
1280 1381.98 511.13
1281 1446.84 660.21
1282 810.86 1503.93
1283 118.12 1350.44
1284 1240.22 295.51
1285 688.6 1319.14
1286 1506.23 1338.75
1287 1178.07 729.81
1288 1782.68 183.68
1289 275.48 467.66
1290 815.58 276.3
1291 24.58 1046.39
1292 981.02 27.38
1293 627.56 1634.15
1294 1456.55 1443.84
1295 1558.46 1007.74
1296 1649.35 1423.16
1297 1417.01 1421.8
1298 1070.88 689.66
1299 753.1 131.98
1300 930.28 340.03
1301 941.72 104.82
1302 171.27 75.45
1303 890.25 624.69
1304 552.98 1000.53
1305 414.98 1744.29
1306 647.73 1124.76
1307 191.7 1299.95
1308 1542.66 1123.7
1309 1025.5 195.1
1310 34.33 25.4
1311 1907.06 125.57
1312 1203.16 1029.32
1313 49.84 917.25
1314 6.06 1349.65
1315 873.79 128.31
1316 1885.13 1659.85
1317 494.03 548.74
1318 1735.42 1490.1
1319 398.76 1689.9
1320 383.8 633.49
1321 768.2 1361.26
1322 1969.76 1625.49
1323 439.71 557.95
1324 1915.73 914.98
1325 457.9 373.18
1326 988.78 226.31
1327 185.24 1929.51
1328 731.67 890.7
1329 30.66 1193.95
1330 935.38 1852.2
1331 1468.9 1611.37
1332 1600.36 1391.84
1333 649.84 232.24
1334 804.91 763.0
1335 291.15 504.74
1336 623.05 1522.76
1337 1878.05 702.04
1338 1326.12 320.59
1339 172.55 1293.55
1340 1732.12 915.36
1341 1155.94 780.48
1342 1233.36 1026.54
1343 232.25 1437.79
1344 1208.49 595.79
1345 462.54 1836.44
1346 876.9 328.38
1347 229.57 1186.25
1348 1350.74 1801.54
1349 210.82 1489.75
1350 701.71 693.32
1351 635.54 1651.37
1352 1759.26 665.71
1353 202.61 1302.49
1354 1839.29 1695.7
1355 144.06 1447.28
1356 1467.01 541.18
1357 273.24 1749.98
1358 1744.29 1707.7
1359 58.13 788.34
1360 636.72 947.44
1361 125.19 696.99
1362 267.43 789.45
1363 105.07 214.95
1364 977.36 504.56
1365 857.52 1666.4
1366 1571.69 416.65
1367 1533.24 392.91
1368 652.71 408.74
1369 1145.21 1547.89
1370 855.74 1404.87
1371 1194.08 870.7
1372 1505.97 1581.77
1373 1220.27 727.2
1374 31.12 469.21
1375 1547.95 538.78
1376 428.07 397.36
1377 1628.56 88.0
1378 1288.43 82.92
1379 1756.02 1390.79
1380 1053.9 1877.78
1381 1868.97 926.65
1382 1411.92 998.28
1383 493.65 1735.78
1384 1099.72 1045.18
1385 640.24 1175.75
1386 1017.66 1601.45
1387 438.8 807.88
1388 1273.05 954.21
1389 1140.18 1649.95
1390 1451.34 501.76
1391 224.73 716.12
1392 765.37 723.35
1393 1871.34 602.61
1394 1041.0 1325.02
1395 1845.78 928.1
1396 732.73 1799.02
1397 44.48 984.19
1398 381.81 1614.28
1399 331.39 1918.32
1400 1203.97 322.6
1401 1818.9 757.69
1402 773.47 1660.63
1403 1279.95 1187.0
1404 875.15 311.24
1405 705.28 1079.81
1406 414.04 1393.1
1407 1681.59 606.55
1408 577.86 1887.06
1409 905.94 1777.53
1410 628.79 384.67
1411 1821.56 1134.82
1412 1470.2 921.15
1413 282.85 1511.85
1414 1743.92 736.72
1415 10.02 1546.41
1416 1553.34 816.57
1417 1769.97 502.49
1418 1389.31 293.92
1419 171.41 1481.59
1420 1726.5 483.87
1421 1132.77 1316.98
1422 930.55 137.31
1423 1207.13 1622.63
1424 1949.28 1769.6
1425 1911.05 849.04
1426 1814.07 472.57
1427 754.06 1815.5
1428 937.16 430.77
1429 553.79 1599.46
1430 1404.86 1187.46
1431 436.93 1574.57
1432 878.54 1556.42
1433 1378.49 871.06
1434 627.81 1279.94
1435 835.41 357.42
1436 1097.24 659.25
1437 514.38 1405.85
1438 582.03 45.29
1439 304.7 482.17
1440 246.79 1981.62
1441 995.21 408.25
1442 1187.85 230.92
1443 890.09 0.81
1444 806.25 1484.32
1445 490.68 1561.16
1446 1004.92 1121.27
1447 149.99 1231.77
1448 1751.56 762.5
1449 322.82 1727.67
1450 1834.68 1348.29
1451 572.84 1883.85
1452 368.32 1420.27
1453 417.68 823.66
1454 780.66 1361.0
1455 1781.95 1.32
1456 1960.35 1451.41
1457 1752.01 158.4
1458 1480.26 1726.59
1459 807.52 871.44
1460 1843.97 1663.84
1461 1016.94 1703.19
1462 1320.7 383.22
1463 1404.2 58.63
1464 1610.97 482.31
1465 1024.42 567.42
1466 1299.58 1175.1
1467 566.27 522.25
1468 763.06 1880.18
1469 278.79 1621.46
1470 1066.61 1295.13
1471 1312.03 1778.51
1472 904.0 1872.41
1473 702.7 1672.11
1474 25.54 44.21
1475 1272.33 1058.06
1476 26.66 518.0
1477 53.68 1287.87
1478 1886.53 1676.51
1479 73.91 92.61
1480 1294.83 943.33
1481 1385.49 1762.23
1482 1278.52 1404.2
1483 1725.78 1275.87
1484 157.32 200.35
1485 193.56 1782.32
1486 65.33 1229.59
1487 1422.87 1385.44
1488 757.6 508.38
1489 1900.94 1809.02
1490 1719.78 10.23
1491 1394.33 973.87
1492 135.08 803.78
1493 496.81 1396.75
1494 571.34 1826.58
1495 846.5 1350.87
1496 427.69 6.31
1497 155.07 504.68
1498 1721.91 849.87
1499 64.87 1943.82
1500 1754.54 210.14
1501 1096.29 1480.25
1502 1925.4 8.62
1503 1680.07 522.59
1504 355.74 797.39
1505 877.37 1585.67
1506 198.96 902.99
1507 590.51 1096.17
1508 1655.96 1515.97
1509 1056.85 34.83
1510 1542.07 995.21
1511 328.75 1819.78
1512 446.45 269.33
1513 1399.75 1541.76
1514 159.15 1802.87
1515 1180.07 1812.69
DEMAND_SECTION
1 5 0 1 0 0 4 3 0 2 0 0 3 3 5 4 
2 3 3 2 0 2 5 4 2 2 4 0 2 2 2 4 
3 0 5 4 2 5 4 1 2 0 5 2 1 0 4 5 
4 2 4 3 4 2 0 0 4 0 3 0 3 0 0 0 
5 0 4 5 1 5 1 0 0 0 5 0 3 5 0 0 
6 1 0 0 2 0 3 0 0 0 4 5 4 2 0 3 
7 0 2 0 0 5 3 5 5 0 3 0 5 4 0 5 
8 0 0 0 0 1 5 5 5 5 0 2 0 0 1 5 
9 0 5 2 0 3 3 0 0 5 4 3 0 5 0 0 
10 0 1 2 1 0 4 5 0 1 0 5 0 3 0 0 
11 0 5 3 3 0 5 0 2 4 5 1 0 3 4 2 
12 0 3 0 5 2 4 0 1 4 0 1 0 0 0 4 
13 0 0 2 1 3 0 4 4 3 3 4 0 4 0 3 
14 3 3 4 5 2 0 1 0 0 0 0 0 0 0 5 
15 0 0 0 0 0 5 2 2 2 0 5 0 4 3 0 
16 3 3 4 4 5 4 2 4 0 0 0 0 1 0 0 
17 2 0 3 0 2 0 0 2 3 2 1 2 0 2 1 
18 0 0 3 0 0 0 0 0 0 0 0 0 4 0 2 
19 3 5 5 2 0 0 0 2 3 5 2 0 1 5 4 
20 5 5 4 3 4 5 2 2 0 2 0 0 1 0 0 
21 0 0 3 3 0 0 4 0 1 0 4 3 5 0 0 
22 3 2 4 3 3 2 0 0 0 0 0 4 1 0 2 
23 2 0 0 5 0 0 3 0 3 0 2 0 1 0 1 
24 0 2 4 5 0 0 1 0 1 0 0 1 5 3 0 
25 0 5 1 2 0 0 0 0 2 0 4 0 1 2 0 
26 1 4 0 4 4 0 1 3 3 0 1 0 3 0 0 
27 0 0 2 3 0 0 2 0 0 1 1 0 4 5 0 
28 3 0 4 5 1 0 1 0 4 4 0 0 5 0 3 
29 0 4 3 4 5 2 5 0 0 1 1 3 0 0 0 
30 1 0 1 0 4 0 0 1 5 0 5 0 2 1 2 
31 5 1 0 4 5 0 0 4 3 5 3 0 4 4 0 
32 0 0 0 5 0 0 5 4 5 2 0 3 3 0 0 
33 5 5 4 0 4 0 0 5 0 0 2 0 1 3 5 
34 0 0 3 3 4 0 0 0 5 0 1 0 0 0 0 
35 0 0 3 0 0 2 2 0 2 0 1 5 0 0 0 
36 4 0 1 0 5 0 1 0 0 4 4 2 4 4 0 
37 4 0 4 2 0 0 4 1 1 0 0 2 2 5 1 
38 0 1 3 3 0 0 0 0 2 0 0 0 1 0 2 
39 0 3 2 0 0 4 1 0 1 0 0 5 0 0 1 
40 4 3 1 3 3 4 5 0 0 2 3 0 4 0 2 
41 1 0 0 0 0 0 0 0 4 0 0 0 0 3 5 
42 0 0 0 3 5 0 4 3 1 4 1 0 2 5 0 
43 2 0 4 5 2 5 0 3 0 0 0 4 2 5 3 
44 0 0 2 2 1 1 0 0 2 2 4 2 2 4 0 
45 2 3 0 0 0 1 1 0 1 0 3 5 0 2 1 
46 0 4 2 2 0 3 3 0 1 5 0 1 0 2 1 
47 3 3 3 2 2 4 2 3 0 4 3 0 0 0 0 
48 3 5 0 5 3 4 2 4 0 1 1 0 0 5 3 
49 0 5 0 2 5 5 1 2 4 0 5 2 1 2 4 
50 3 4 0 5 0 0 0 3 0 2 5 0 0 0 0 
51 0 2 4 2 2 4 0 4 0 0 4 0 0 5 0 
52 0 0 0 0 5 0 0 5 0 3 0 5 0 0 1 
53 0 1 0 5 5 0 1 2 2 0 4 0 4 0 5 
54 3 0 3 0 0 3 0 4 5 0 0 5 0 0 0 
55 0 3 0 1 0 0 4 1 4 3 5 0 0 2 4 
56 2 0 1 0 5 5 1 0 4 1 4 3 5 1 2 
57 1 0 4 5 5 1 4 3 4 2 1 4 0 1 0 
58 3 4 5 1 1 2 0 0 0 4 0 0 0 0 3 
59 0 2 0 3 0 0 5 0 0 0 1 4 2 0 2 
60 0 1 2 4 0 4 1 1 0 0 0 4 4 3 0 
61 0 0 5 0 5 4 5 0 0 0 0 2 4 2 2 
62 3 0 3 4 3 1 2 2 0 0 1 3 0 5 1 
63 0 0 0 0 1 1 5 5 0 4 1 5 2 0 0 
64 0 4 0 2 0 0 0 0 5 0 0 5 5 2 5 
65 4 3 0 0 0 5 0 2 4 1 0 5 5 0 0 
66 5 5 0 4 1 1 1 3 1 5 4 4 4 0 2 
67 2 5 2 0 0 1 0 2 0 0 4 2 0 0 0 
68 4 4 2 2 5 1 0 0 0 1 0 0 1 3 2 
69 0 0 0 4 2 0 4 3 0 0 0 0 0 0 1 
70 0 2 2 2 0 4 0 3 0 5 1 2 5 2 0 
71 0 1 0 5 0 0 5 2 3 4 0 5 1 2 5 
72 0 5 0 0 4 4 0 3 4 0 4 1 0 0 2 
73 1 1 0 2 0 0 3 0 0 3 0 4 0 5 5 
74 4 5 0 1 5 2 2 0 0 5 0 0 4 5 0 
75 0 5 0 0 5 0 0 1 0 0 3 0 3 0 0 
76 2 2 0 3 0 3 0 0 5 0 3 0 1 0 0 
77 3 5 1 2 0 3 0 3 0 5 3 5 0 3 0 
78 1 3 5 3 5 2 0 1 3 5 3 4 0 0 0 
79 5 0 0 0 5 4 0 1 0 0 0 4 3 5 5 
80 0 3 0 1 0 3 5 2 3 0 0 0 0 0 1 
81 5 0 1 0 0 0 0 0 5 5 3 4 0 1 1 
82 3 4 1 0 0 0 1 1 3 5 0 0 0 0 2 
83 5 0 0 0 0 5 0 0 0 3 1 1 0 0 0 
84 0 0 0 1 4 0 2 1 4 4 4 1 1 1 1 
85 0 3 5 0 2 2 3 0 2 4 0 2 2 0 3 
86 2 0 4 3 3 4 0 0 3 1 4 0 4 4 0 
87 4 0 2 5 0 0 3 1 4 0 0 0 1 2 2 
88 3 0 0 0 2 1 0 0 4 3 4 2 0 4 0 
89 1 4 3 2 0 0 5 0 2 4 5 0 0 3 0 
90 0 4 4 0 2 0 4 5 3 0 0 0 0 0 0 
91 5 3 4 5 0 1 1 3 2 4 0 2 1 0 3 
92 2 0 0 4 0 0 4 1 2 0 0 2 5 1 2 
93 1 2 0 0 4 0 2 3 2 4 0 0 0 0 0 
94 0 0 5 0 0 0 1 5 0 0 1 2 3 0 0 
95 0 4 5 0 0 4 2 0 2 3 1 1 0 2 0 
96 2 2 2 2 0 1 2 5 0 2 4 0 0 0 3 
97 5 5 0 0 4 3 5 5 4 1 0 5 4 0 5 
98 1 4 0 2 0 4 3 0 0 0 4 0 4 5 5 
99 1 3 4 0 0 0 0 4 2 0 5 4 0 3 4 
100 0 1 0 0 3 4 1 1 5 1 3 2 3 0 0 
101 4 2 0 2 1 1 4 3 3 0 4 1 3 0 0 
102 0 0 2 4 3 5 0 0 2 0 4 2 0 0 3 
103 5 4 3 0 4 0 3 0 0 0 0 5 0 4 0 
104 2 0 1 0 1 0 0 1 4 5 1 1 0 0 1 
105 1 0 2 2 3 3 0 5 0 0 0 0 1 4 5 
106 0 0 0 2 5 3 4 1 3 1 0 0 3 2 0 
107 0 0 0 0 2 1 2 1 0 0 1 2 0 2 3 
108 1 1 5 0 0 4 2 3 0 4 0 3 3 0 3 
109 0 3 0 5 4 0 0 0 0 0 5 2 4 0 0 
110 4 3 4 3 0 3 0 0 3 0 0 0 0 3 0 
111 4 2 0 2 3 2 3 0 4 5 0 0 1 3 5 
112 5 4 0 5 4 0 0 2 3 0 2 4 1 0 3 
113 0 2 1 0 1 0 3 4 0 3 3 5 1 4 0 
114 0 1 0 0 1 5 0 5 0 2 0 0 1 5 5 
115 0 0 0 5 0 2 3 1 0 1 0 3 2 0 5 
116 0 2 0 4 0 5 3 5 4 4 0 3 4 4 0 
117 0 0 0 1 0 1 4 4 5 0 0 3 4 4 5 
118 0 1 0 2 0 2 0 0 4 0 4 0 4 1 2 
119 0 5 3 1 5 1 5 1 1 2 0 1 3 0 3 
120 1 0 1 5 5 0 4 3 2 3 3 3 4 0 0 
121 3 4 0 2 3 4 3 3 1 0 1 3 2 0 2 
122 1 5 1 3 5 0 0 3 1 4 0 0 5 3 0 
123 1 2 0 1 1 2 0 4 2 3 0 1 5 0 5 
124 0 2 3 5 0 1 1 4 1 0 4 0 2 0 0 
125 0 3 1 1 0 3 3 0 0 5 0 3 0 0 0 
126 0 0 0 5 0 1 0 1 1 1 4 4 5 1 4 
127 0 4 0 5 0 4 4 0 0 0 3 0 2 2 5 
128 4 4 3 0 4 1 4 5 2 1 1 3 0 5 4 
129 0 0 0 4 1 0 4 2 5 4 0 4 0 4 0 
130 3 0 0 0 5 4 0 4 1 1 2 3 3 0 0 
131 3 3 4 0 1 1 5 1 0 5 3 0 3 5 2 
132 0 5 4 2 5 0 2 2 2 0 0 0 0 4 0 
133 0 0 4 4 3 0 1 4 4 0 0 2 5 4 0 
134 0 0 0 3 0 0 1 0 0 5 2 4 3 0 1 
135 2 2 1 3 0 2 1 1 0 4 5 4 0 3 5 
136 0 4 0 0 3 2 2 3 0 2 2 2 0 0 1 
137 3 5 0 0 0 5 1 4 0 4 5 0 0 0 3 
138 0 2 0 2 0 2 2 0 4 3 4 4 0 2 2 
139 0 4 0 0 3 4 5 4 5 3 0 0 2 3 0 
140 0 2 3 1 0 0 0 0 0 0 1 1 0 0 1 
141 0 0 0 4 4 5 5 0 2 2 0 5 3 0 0 
142 1 3 0 0 0 3 0 5 3 0 3 0 4 0 0 
143 0 4 4 0 2 1 3 0 2 5 0 0 1 2 1 
144 0 0 0 3 4 5 0 1 0 0 1 2 0 0 1 
145 1 0 0 3 4 0 0 4 5 0 0 5 3 0 2 
146 0 0 3 3 4 5 2 5 0 0 0 0 3 0 4 
147 2 0 0 1 5 3 1 0 2 1 4 0 0 1 1 
148 0 4 3 0 0 3 0 2 2 0 0 3 4 0 2 
149 5 4 5 0 3 5 2 0 4 0 4 5 1 1 0 
150 1 0 5 0 0 0 5 0 0 0 2 0 2 4 5 
151 0 1 1 0 0 0 0 0 4 5 0 4 1 4 1 
152 1 0 0 3 0 1 0 3 3 0 2 4 0 1 0 
153 2 4 0 4 1 4 0 1 0 4 1 5 2 0 0 
154 0 0 0 2 0 2 0 3 0 2 1 1 5 3 1 
155 2 0 1 2 0 5 2 3 0 5 4 2 2 3 0 
156 5 2 2 0 0 3 0 0 2 4 0 0 0 4 2 
157 1 3 1 2 5 0 1 0 0 4 4 0 0 1 0 
158 0 4 4 0 3 0 5 0 1 5 3 2 5 3 2 
159 0 0 0 5 0 5 5 0 0 0 5 2 3 3 1 
160 1 0 3 5 1 4 2 0 1 4 0 5 0 4 5 
161 0 3 0 1 0 1 0 1 5 2 4 5 3 0 5 
162 4 0 3 0 4 2 5 0 3 1 0 0 3 2 4 
163 2 5 0 1 4 0 4 0 4 0 0 4 5 4 0 
164 1 0 0 1 4 3 2 4 2 3 2 3 1 0 0 
165 3 1 0 2 0 1 0 4 4 0 3 5 2 0 0 
166 0 0 0 0 2 3 1 2 2 0 1 4 2 0 4 
167 0 0 3 0 1 0 1 2 3 2 0 1 0 4 3 
168 0 5 3 0 0 5 2 0 5 3 4 2 2 1 2 
169 0 4 1 1 0 4 0 5 3 0 3 0 0 0 0 
170 2 5 4 2 0 5 0 0 0 0 0 1 2 0 2 
171 0 0 2 5 0 0 5 2 0 3 2 2 5 1 0 
172 0 3 0 2 0 0 0 0 0 2 1 3 2 0 0 
173 2 0 0 0 4 3 4 5 3 0 3 0 2 0 3 
174 4 0 0 0 1 1 0 5 0 2 5 0 5 4 0 
175 5 0 4 2 3 2 5 3 4 0 4 0 0 4 3 
176 2 5 0 0 2 0 2 4 1 0 4 0 0 1 3 
177 0 3 5 0 0 3 0 3 0 5 1 1 0 0 2 
178 0 3 0 3 0 3 3 0 4 0 0 3 0 5 3 
179 0 4 2 0 0 0 0 3 0 0 5 0 5 0 3 
180 4 1 0 3 0 0 0 0 3 0 4 1 2 1 2 
181 0 4 5 0 0 2 2 5 0 0 3 1 4 1 0 
182 3 0 0 0 1 5 0 1 0 0 0 0 0 1 3 
183 2 4 0 2 3 3 4 0 4 0 3 5 4 3 3 
184 0 3 2 4 0 0 1 1 5 1 0 3 0 3 1 
185 4 0 0 0 5 0 0 5 1 0 0 0 2 3 2 
186 0 1 0 3 4 0 1 3 0 0 0 1 0 3 1 
187 4 0 2 0 2 2 2 1 0 0 3 4 0 1 0 
188 2 0 0 0 0 3 1 1 0 0 0 2 0 2 0 
189 1 5 1 0 0 2 3 3 0 0 2 0 2 0 0 
190 0 0 3 0 0 5 3 0 2 4 0 5 4 1 0 
191 4 4 0 5 4 5 0 5 0 0 5 1 5 0 1 
192 0 0 0 3 5 1 0 3 0 2 0 0 3 3 1 
193 0 0 0 4 0 1 0 4 2 0 3 0 1 0 3 
194 2 0 0 0 2 1 0 0 3 0 0 4 0 3 5 
195 0 4 0 4 1 0 0 0 1 5 5 0 0 0 3 
196 5 3 1 1 4 5 2 0 3 0 3 2 0 1 0 
197 5 4 3 0 5 0 4 2 4 5 2 0 0 2 0 
198 4 3 0 4 5 4 0 0 0 1 0 0 3 4 3 
199 1 0 2 0 0 4 0 2 0 4 0 0 0 0 0 
200 4 0 0 2 0 0 0 0 0 1 3 4 4 0 4 
201 4 5 0 0 2 0 3 0 4 0 5 0 1 0 0 
202 1 0 4 0 0 5 0 3 0 5 0 0 1 3 1 
203 0 0 5 5 3 0 0 1 5 4 4 0 3 0 1 
204 2 0 0 0 4 0 0 0 4 5 0 5 4 0 0 
205 0 2 0 0 1 3 2 0 5 1 0 2 0 1 0 
206 0 3 5 5 4 1 2 5 0 0 4 1 1 1 1 
207 4 2 1 5 1 5 1 0 1 4 2 0 0 0 0 
208 5 2 0 0 5 2 0 4 0 5 1 0 4 0 0 
209 0 0 0 0 5 2 1 2 2 3 0 1 4 5 0 
210 1 0 3 0 1 0 4 0 1 0 2 1 3 4 0 
211 2 2 3 0 1 0 2 0 2 1 5 5 0 4 0 
212 4 2 2 0 3 0 1 5 3 1 4 2 0 3 0 
213 3 5 3 5 1 0 1 0 1 0 1 0 0 2 0 
214 0 0 4 1 4 5 0 0 0 1 0 0 0 0 0 
215 2 1 4 0 1 0 1 4 4 1 0 0 0 4 1 
216 5 0 1 4 0 0 4 0 1 2 3 4 2 0 3 
217 2 1 2 1 3 4 0 1 2 5 2 0 0 0 0 
218 0 0 5 0 5 0 5 2 1 4 1 0 5 0 3 
219 0 1 0 1 1 0 4 3 0 4 2 1 0 0 0 
220 0 3 0 5 0 3 4 0 0 4 0 5 4 4 2 
221 3 0 4 4 0 0 0 3 1 1 2 4 0 0 0 
222 0 2 1 2 0 1 3 1 0 0 0 0 4 0 4 
223 5 0 5 0 1 3 5 2 0 5 4 5 2 0 2 
224 2 3 3 5 0 0 5 4 3 1 0 2 3 0 4 
225 5 4 4 0 0 5 3 0 1 0 0 0 0 3 5 
226 3 0 0 4 0 4 3 4 0 1 0 3 0 0 5 
227 0 4 1 0 0 5 4 0 2 1 1 0 0 4 0 
228 0 2 0 0 0 3 0 0 5 4 2 0 2 1 1 
229 0 0 5 0 0 0 4 0 3 0 5 3 0 4 5 
230 4 0 0 2 1 0 4 0 5 2 4 0 3 3 0 
231 2 3 1 0 2 0 2 0 0 2 5 1 0 5 1 
232 5 0 0 3 0 1 2 1 0 3 3 5 4 3 0 
233 4 0 3 5 5 0 0 5 1 0 0 2 0 0 4 
234 1 0 3 4 2 3 0 1 0 3 0 2 0 3 0 
235 0 2 0 0 4 1 5 4 0 0 0 0 5 0 0 
236 0 0 1 1 0 0 0 4 4 2 3 2 0 1 0 
237 4 1 2 2 0 4 1 4 1 5 0 1 3 1 0 
238 0 2 0 0 4 2 1 5 5 0 0 2 1 0 3 
239 4 5 4 4 5 0 0 1 0 1 1 0 4 5 0 
240 2 0 2 1 0 0 2 0 0 5 1 1 2 0 5 
241 2 2 0 0 0 0 5 1 0 2 5 3 2 3 1 
242 0 3 0 0 5 0 0 5 1 0 5 0 1 0 3 
243 5 0 1 0 4 4 1 2 0 5 3 2 1 3 0 
244 2 0 4 2 0 4 4 3 0 0 0 0 2 0 2 
245 4 2 5 0 3 0 0 4 3 1 1 0 0 3 2 
246 0 5 5 3 0 0 1 0 0 2 1 0 0 0 0 
247 1 4 3 0 0 5 0 3 1 0 3 0 0 0 5 
248 3 5 0 5 1 2 0 3 5 4 0 0 1 0 0 
249 2 4 3 0 3 3 0 2 1 0 5 0 0 0 2 
250 1 0 4 1 3 0 0 3 2 0 0 0 1 5 0 
251 0 0 1 2 0 5 3 0 2 5 0 0 4 5 4 
252 0 0 0 0 0 0 2 4 1 0 2 4 4 2 1 
253 3 2 1 0 0 4 0 0 2 0 0 0 5 0 3 
254 2 4 4 4 1 4 0 5 0 1 3 0 5 1 3 
255 0 5 0 1 4 1 1 4 4 0 3 1 0 5 5 
256 2 2 0 2 0 0 0 1 2 3 0 0 1 0 0 
257 3 0 0 2 1 1 5 0 3 0 0 0 3 0 0 
258 1 1 5 0 0 1 1 2 0 3 2 4 0 1 0 
259 2 5 0 4 0 2 4 0 1 2 5 1 2 0 5 
260 3 0 0 0 0 2 2 4 5 0 1 0 5 0 2 
261 2 3 4 2 3 2 2 0 3 4 0 2 0 5 0 
262 5 0 0 5 3 0 0 2 4 5 0 0 4 0 2 
263 5 0 0 3 4 5 0 4 3 0 4 0 2 0 4 
264 0 4 1 2 1 0 2 0 2 3 2 1 3 4 3 
265 3 3 0 0 1 5 0 2 1 5 5 0 0 0 0 
266 0 5 0 0 0 0 0 0 1 5 2 2 4 3 5 
267 0 0 0 0 3 3 0 0 1 0 5 0 2 0 1 
268 0 2 0 1 5 1 2 0 0 5 0 0 0 0 4 
269 3 2 0 0 0 2 2 2 4 2 0 2 0 0 3 
270 3 4 3 2 3 0 4 1 1 1 5 4 0 1 0 
271 3 2 4 0 5 0 0 0 0 0 2 0 0 0 2 
272 2 0 4 2 0 0 1 0 2 0 3 0 4 2 5 
273 0 5 0 4 0 4 4 0 0 2 2 4 4 3 4 
274 0 0 2 5 1 4 2 0 0 0 4 0 4 0 3 
275 0 2 0 2 3 4 2 0 0 0 5 5 4 0 3 
276 3 0 0 0 4 4 3 1 4 4 5 0 0 5 0 
277 0 1 5 5 0 0 3 0 0 5 4 3 0 2 1 
278 0 4 4 0 0 0 2 1 0 2 1 1 1 2 0 
279 3 4 5 1 1 0 1 1 2 3 0 3 0 2 4 
280 0 0 2 5 0 0 4 4 4 0 4 0 0 4 0 
281 1 5 4 0 0 1 4 2 2 0 0 4 0 0 0 
282 0 1 1 5 4 0 0 0 3 2 5 4 0 0 5 
283 2 1 1 1 0 5 5 3 4 4 0 3 0 0 2 
284 0 2 5 0 5 0 4 1 4 0 2 0 2 3 3 
285 1 1 2 0 0 0 0 0 1 0 0 4 0 3 0 
286 2 4 1 2 0 0 0 5 0 1 0 5 3 4 0 
287 0 0 0 1 3 4 3 1 2 0 2 5 3 5 0 
288 0 0 4 0 3 1 3 0 4 0 0 0 3 0 4 
289 4 0 5 1 2 0 4 0 5 5 0 5 5 2 2 
290 4 3 2 1 5 3 0 0 0 2 2 0 0 0 0 
291 2 5 0 5 0 0 5 5 4 2 0 0 0 0 0 
292 0 0 0 1 1 2 5 0 5 3 4 2 1 0 1 
293 0 0 2 1 5 5 0 3 0 0 3 1 0 0 3 
294 4 3 1 2 0 0 0 0 5 0 0 4 0 0 4 
295 0 3 3 0 0 1 3 0 3 0 3 0 3 0 1 
296 0 3 0 0 3 0 0 1 0 5 5 5 0 4 0 
297 3 5 0 0 2 0 0 1 3 2 2 0 0 0 3 
298 5 0 0 4 0 1 0 5 0 0 0 0 2 1 4 
299 4 4 0 0 3 5 0 0 0 2 0 0 0 0 4 
300 4 4 0 2 2 4 0 3 0 2 0 5 4 0 4 
301 1 5 5 3 1 3 0 1 1 3 0 2 2 0 5 
302 5 0 0 3 0 0 0 4 0 0 5 0 0 4 5 
303 2 2 0 0 5 1 3 0 5 4 2 1 4 0 0 
304 0 4 1 2 1 0 4 0 0 0 4 0 0 0 0 
305 0 3 0 5 4 5 2 1 0 0 0 1 2 3 4 
306 0 4 4 2 1 4 3 5 0 0 5 1 4 0 5 
307 0 0 3 0 0 2 4 0 0 0 2 3 0 4 0 
308 5 0 0 0 0 0 0 1 3 3 2 2 4 0 0 
309 0 0 2 0 3 0 3 0 0 1 1 0 0 4 4 
310 0 1 0 3 2 2 1 5 5 0 0 4 0 0 3 
311 0 1 3 0 5 2 1 0 2 4 2 5 0 2 0 
312 5 4 0 4 0 3 3 3 0 0 0 5 0 0 4 
313 1 5 3 4 0 0 0 3 0 0 0 1 0 5 4 
314 3 0 0 3 3 0 5 0 3 4 2 2 0 5 5 
315 1 3 4 0 2 1 2 0 3 1 1 1 2 1 0 
316 0 5 4 4 1 2 3 3 4 4 2 0 5 0 0 
317 2 0 1 5 0 0 0 5 5 4 4 0 0 2 1 
318 0 5 0 0 1 0 0 1 1 0 0 3 5 0 4 
319 0 5 0 0 2 0 0 3 4 0 0 1 4 1 0 
320 5 0 0 0 1 1 3 4 2 3 0 0 0 0 4 
321 0 2 0 1 0 0 5 0 4 5 0 3 0 0 2 
322 3 4 5 0 0 5 3 2 1 3 0 1 4 1 2 
323 5 1 0 0 3 1 0 0 0 0 3 0 4 0 4 
324 0 0 2 0 1 0 0 3 0 0 0 0 1 4 0 
325 3 0 0 2 0 0 0 2 0 0 2 4 0 2 1 
326 2 0 0 3 0 4 2 4 0 1 3 0 1 1 0 
327 0 0 1 2 0 5 3 0 0 0 2 4 5 0 0 
328 3 3 0 0 0 0 0 3 5 2 4 0 2 4 3 
329 5 0 4 0 5 0 3 5 1 0 0 0 0 1 4 
330 5 2 0 5 1 2 0 5 2 0 4 0 3 2 1 
331 2 0 0 0 5 0 0 0 2 0 4 2 2 4 2 
332 0 2 3 0 3 3 4 1 4 0 4 0 1 4 4 
333 1 1 2 3 5 3 0 0 1 0 5 1 0 0 2 
334 1 2 4 0 0 3 3 3 0 2 5 0 0 5 0 
335 0 0 0 3 5 0 3 0 5 4 0 0 3 5 0 
336 3 0 3 1 3 4 2 1 5 0 5 0 0 1 0 
337 0 3 3 0 0 5 5 0 2 3 4 3 1 5 0 
338 0 5 4 5 0 5 2 4 1 5 0 3 1 0 5 
339 0 4 1 1 3 1 0 0 5 0 0 1 0 3 5 
340 0 3 0 3 0 0 0 2 0 5 2 0 3 1 1 
341 0 0 0 5 3 0 0 3 3 4 0 0 0 0 0 
342 3 2 0 4 0 0 1 1 1 0 2 0 0 2 0 
343 0 1 2 0 0 5 5 0 3 3 2 0 5 0 0 
344 0 0 0 5 0 5 2 3 4 0 5 2 4 1 1 
345 1 0 0 0 5 0 5 5 5 3 4 2 3 3 0 
346 3 5 1 2 0 0 4 5 2 0 1 5 3 1 0 
347 0 0 0 5 2 4 4 2 0 1 0 5 2 3 0 
348 0 5 0 3 2 0 0 2 3 1 4 0 4 0 3 
349 1 2 5 0 0 4 2 0 0 3 0 0 3 0 0 
350 3 5 0 3 0 2 2 5 0 5 0 0 3 1 0 
351 4 0 0 2 2 4 5 1 3 0 0 1 2 5 0 
352 1 3 0 0 3 3 5 0 4 2 0 0 2 2 5 
353 1 4 0 0 5 0 0 3 5 1 0 1 0 0 0 
354 0 2 0 0 2 0 1 0 0 0 2 3 3 1 0 
355 2 0 0 0 5 2 0 0 1 1 4 4 0 2 0 
356 0 2 2 1 1 4 5 0 0 0 2 0 2 0 0 
357 2 3 0 0 4 1 3 4 5 0 0 5 2 0 1 
358 0 0 3 0 1 0 0 1 0 0 0 1 3 0 5 
359 0 4 0 0 2 4 1 0 2 0 2 2 4 0 5 
360 0 3 0 0 0 1 0 0 0 0 1 4 5 0 2 
361 5 3 0 0 0 5 1 0 5 0 0 0 0 1 0 
362 5 1 2 5 1 1 0 5 0 0 4 4 3 3 0 
363 2 0 0 0 0 0 1 3 3 5 0 1 1 2 5 
364 5 3 0 4 0 0 0 1 0 0 3 0 3 2 2 
365 0 3 2 2 1 0 5 0 1 4 0 4 0 0 1 
366 0 5 0 3 0 1 5 1 5 0 4 4 0 3 0 
367 5 2 0 0 3 4 3 4 0 3 0 0 0 0 4 
368 0 0 5 5 0 1 2 0 5 0 1 2 2 0 0 
369 2 1 0 5 3 4 0 1 0 4 0 0 0 0 5 
370 4 3 5 2 3 0 1 0 1 3 0 4 5 2 0 
371 3 0 0 3 0 0 0 3 0 0 3 5 0 0 0 
372 0 1 3 0 2 2 2 0 1 4 0 4 0 3 2 
373 4 0 4 2 2 0 1 0 0 5 0 2 0 3 0 
374 0 0 3 1 5 0 3 1 0 0 3 1 0 4 0 
375 1 1 4 1 4 3 5 4 0 1 2 0 1 2 0 
376 0 0 4 5 3 1 2 5 1 3 0 5 3 0 0 
377 0 5 3 4 1 0 0 0 0 2 0 0 0 0 2 
378 2 4 0 4 0 0 3 4 2 3 5 0 0 5 0 
379 5 4 0 1 0 0 3 0 0 2 1 0 3 0 0 
380 0 1 5 2 2 2 2 0 5 5 0 0 3 0 0 
381 0 4 0 4 4 4 1 5 0 3 5 0 1 0 2 
382 0 2 2 5 0 0 4 3 5 0 5 0 1 2 0 
383 5 1 3 0 0 4 5 0 5 2 0 2 0 0 4 
384 0 0 0 2 0 0 0 0 2 0 0 1 2 0 4 
385 3 0 0 4 0 0 2 5 0 1 1 4 4 4 0 
386 5 0 0 0 0 0 5 0 5 0 1 0 0 2 0 
387 3 5 0 2 0 0 0 0 4 0 1 0 2 4 0 
388 0 0 1 0 0 4 0 0 0 0 2 5 5 4 1 
389 5 2 0 0 5 0 0 3 1 3 5 1 5 2 0 
390 2 0 1 0 4 0 0 1 0 2 0 0 1 0 0 
391 0 0 1 0 0 0 2 0 2 0 0 0 5 4 2 
392 0 2 1 0 3 0 2 5 0 2 5 3 0 2 4 
393 0 0 0 5 3 5 4 4 0 0 5 1 1 2 0 
394 1 1 4 5 0 0 0 1 0 0 1 0 2 4 2 
395 5 2 4 2 0 3 5 0 0 4 3 2 4 3 2 
396 0 3 0 5 4 4 0 0 0 0 1 0 1 1 1 
397 3 5 3 5 2 1 0 3 0 1 0 3 4 4 3 
398 0 2 1 0 0 3 3 4 0 0 0 0 1 0 0 
399 0 0 4 0 0 0 3 1 0 5 3 0 4 1 1 
400 0 1 0 2 4 0 3 2 0 1 0 5 0 2 3 
401 1 0 2 1 0 5 1 0 5 4 4 5 3 5 0 
402 0 3 0 0 4 0 4 0 1 0 2 2 5 0 2 
403 0 4 5 0 3 0 5 2 5 4 2 0 0 0 1 
404 1 1 3 5 0 3 2 0 5 4 5 1 0 1 5 
405 5 1 3 1 3 5 2 3 3 0 5 0 3 2 3 
406 3 0 0 0 3 0 5 3 1 5 5 0 0 0 0 
407 2 0 0 0 2 4 0 0 5 0 5 5 1 5 4 
408 5 0 3 0 3 0 0 1 0 3 0 4 4 0 0 
409 0 0 0 0 0 0 0 0 0 2 5 0 2 0 1 
410 0 0 0 5 3 0 2 0 0 1 0 0 2 3 0 
411 0 0 0 0 1 5 0 5 0 4 1 2 0 2 0 
412 0 0 0 0 5 1 0 0 0 0 2 4 3 2 5 
413 0 0 4 0 5 0 1 2 5 2 4 3 5 0 0 
414 2 5 0 0 2 0 5 0 0 0 0 0 4 4 1 
415 4 0 3 0 3 1 5 4 4 3 0 0 0 1 0 
416 3 0 5 3 0 5 4 5 0 0 2 4 3 4 0 
417 0 1 0 3 0 0 2 0 0 2 1 0 0 2 4 
418 5 0 2 1 1 0 0 4 2 1 0 4 0 1 2 
419 0 2 4 0 5 5 1 0 5 3 4 0 3 4 0 
420 3 4 3 0 0 2 0 3 1 0 1 2 1 0 4 
421 5 2 0 2 0 3 1 2 2 4 4 5 0 0 2 
422 5 5 5 4 1 4 5 1 1 0 5 3 4 0 5 
423 4 2 5 4 4 0 0 0 2 4 3 1 2 1 4 
424 0 1 5 1 1 1 0 3 2 1 1 2 0 0 4 
425 0 5 4 1 1 2 2 1 0 0 5 0 0 2 2 
426 0 0 0 0 3 5 4 0 0 5 2 2 3 5 0 
427 0 4 5 5 0 0 3 1 0 2 0 1 3 2 5 
428 0 3 5 3 3 0 0 0 0 0 3 1 0 2 5 
429 0 0 5 0 2 0 0 4 4 0 0 1 0 0 0 
430 2 2 0 0 0 0 5 3 0 4 4 0 0 0 5 
431 0 0 0 5 0 2 0 3 0 3 1 2 4 0 0 
432 3 5 2 0 0 1 2 0 4 3 1 0 0 0 4 
433 2 4 3 0 0 2 3 2 0 5 0 5 0 4 3 
434 0 0 2 1 0 3 3 1 5 0 0 2 4 0 1 
435 0 1 5 2 0 4 3 3 0 0 3 4 0 0 5 
436 0 3 0 4 2 0 5 4 1 0 1 1 5 0 0 
437 2 3 5 0 1 5 5 2 0 0 4 5 4 0 0 
438 0 3 1 0 5 0 3 4 0 0 2 2 2 2 3 
439 0 3 0 0 3 4 5 4 0 0 0 5 4 5 1 
440 4 3 5 5 3 0 4 0 0 5 0 5 0 4 2 
441 2 0 5 0 1 0 5 3 0 1 0 0 3 1 0 
442 2 0 2 0 5 3 3 4 0 0 1 4 0 1 1 
443 3 2 3 0 3 5 5 4 3 2 0 2 1 3 1 
444 5 0 1 5 1 5 4 1 0 2 4 0 1 5 1 
445 0 0 4 2 2 4 0 0 0 4 4 0 4 0 0 
446 0 4 1 2 0 0 2 1 0 3 4 0 0 4 4 
447 0 0 5 2 2 0 1 0 0 4 0 0 4 3 0 
448 1 5 4 0 4 0 0 0 4 3 4 4 4 0 3 
449 4 3 2 3 2 1 0 0 5 2 1 4 0 1 0 
450 2 5 0 0 0 1 0 0 0 5 2 1 0 0 4 
451 0 1 5 5 0 3 2 0 5 0 0 0 4 1 0 
452 3 0 0 0 5 2 0 5 3 1 4 2 0 3 0 
453 5 0 0 5 3 0 0 0 0 0 5 3 1 1 0 
454 0 5 5 5 1 5 5 3 0 4 4 0 1 0 3 
455 1 3 1 0 1 0 0 2 0 0 4 0 1 0 4 
456 1 0 0 0 0 4 4 0 4 0 5 3 1 0 4 
457 0 3 5 5 0 5 0 4 2 1 0 1 1 0 0 
458 0 2 2 0 0 1 5 3 3 5 5 2 3 0 0 
459 0 4 2 0 0 0 3 2 0 5 3 1 0 0 2 
460 0 1 3 0 4 2 0 0 0 0 1 2 0 0 1 
461 4 4 5 0 0 0 1 4 3 0 5 4 0 0 5 
462 0 0 2 5 0 4 5 3 0 0 0 2 3 0 0 
463 0 0 0 0 1 3 5 2 3 2 4 1 0 0 0 
464 3 0 4 0 5 2 0 1 5 1 0 5 0 0 5 
465 1 3 0 0 0 3 0 4 0 0 0 4 0 0 0 
466 0 0 0 4 3 0 2 4 4 0 0 2 0 2 1 
467 2 0 3 1 1 1 0 2 0 4 3 0 0 0 2 
468 0 1 5 1 4 0 0 0 0 2 3 0 0 5 0 
469 0 2 5 0 0 0 4 2 2 1 0 1 1 0 1 
470 5 4 0 2 3 0 1 1 0 3 2 0 2 0 0 
471 0 0 0 0 2 1 3 0 2 1 3 4 0 3 5 
472 4 3 0 1 5 0 3 2 0 1 1 0 0 1 1 
473 1 0 1 5 2 2 4 0 5 3 5 0 0 5 3 
474 4 0 0 4 0 1 0 0 5 2 0 0 2 0 3 
475 0 4 4 0 5 1 0 0 0 3 0 0 5 3 2 
476 0 4 0 5 3 1 0 3 5 5 0 1 4 0 0 
477 0 1 4 1 0 0 0 1 2 0 3 1 0 4 4 
478 1 0 4 4 2 1 3 2 0 0 0 0 0 0 5 
479 1 2 0 5 2 3 0 0 0 4 0 1 1 0 4 
480 0 5 2 4 0 3 0 0 0 5 0 0 2 4 0 
481 0 1 5 1 0 1 0 0 0 0 5 1 5 0 0 
482 0 0 0 0 3 0 5 1 0 0 3 2 0 2 4 
483 0 0 5 3 3 4 3 2 5 0 0 2 0 0 4 
484 0 0 1 0 4 2 5 0 0 2 0 5 3 0 0 
485 0 0 0 1 4 2 0 4 3 0 4 4 0 0 2 
486 0 0 0 0 5 5 2 0 4 3 1 0 0 3 2 
487 0 0 0 2 3 0 0 3 5 0 3 0 0 3 0 
488 1 0 0 0 2 0 5 2 0 2 1 0 0 0 3 
489 4 1 5 0 2 0 0 0 0 0 5 2 0 0 3 
490 2 1 2 3 0 0 1 3 3 0 0 4 1 3 0 
491 1 0 3 3 4 2 1 4 1 2 2 3 1 0 2 
492 5 3 0 0 4 5 0 4 4 0 3 1 2 1 0 
493 0 0 1 0 3 4 1 0 3 0 5 0 5 3 3 
494 5 5 0 0 0 0 0 4 0 0 3 5 2 1 3 
495 4 4 5 5 3 5 1 3 0 0 0 0 0 4 4 
496 4 5 0 3 3 0 2 0 3 0 1 0 4 4 0 
497 1 3 5 2 1 0 3 4 2 0 0 2 0 3 3 
498 2 4 0 0 4 3 4 0 0 4 3 0 2 0 1 
499 0 2 5 0 2 1 5 5 0 2 0 1 0 0 1 
500 0 0 2 0 4 0 1 0 5 0 3 2 3 4 0 
501 4 0 0 4 1 1 0 4 2 2 0 3 0 0 0 
502 2 1 2 0 4 0 0 4 0 0 5 0 0 0 0 
503 0 4 0 2 4 0 0 0 0 1 0 3 3 1 3 
504 1 0 3 0 3 1 0 0 4 0 3 2 0 5 5 
505 0 2 0 3 0 3 3 3 1 5 0 4 2 2 0 
506 4 3 1 4 3 4 5 4 0 3 0 0 5 2 3 
507 0 5 1 1 0 3 3 4 4 0 0 2 4 0 4 
508 3 0 0 0 2 0 0 0 4 0 0 2 3 3 0 
509 1 0 3 0 5 0 4 2 0 3 0 4 0 1 0 
510 1 1 0 0 1 2 0 0 5 1 3 0 0 0 3 
511 0 1 2 0 0 2 0 4 3 3 5 0 0 0 0 
512 0 4 0 0 4 0 0 2 0 5 0 0 0 0 0 
513 0 3 2 5 0 3 3 0 4 0 0 0 0 3 3 
514 1 1 0 2 1 4 0 0 2 2 3 3 2 2 2 
515 0 4 0 0 1 1 3 0 0 0 5 0 2 0 1 
516 2 0 3 3 4 0 3 5 1 2 5 0 3 3 2 
517 0 4 0 5 0 2 0 1 3 0 3 4 0 5 0 
518 2 0 0 3 0 3 3 4 0 3 0 0 0 4 0 
519 1 0 0 0 1 5 2 3 0 4 0 4 4 3 0 
520 2 0 5 2 0 4 0 0 0 0 0 0 3 0 0 
521 0 3 0 0 0 0 0 2 2 0 0 0 2 1 1 
522 5 0 0 1 1 2 0 1 3 0 0 0 5 2 1 
523 0 1 3 0 1 5 3 4 0 0 3 0 0 0 0 
524 0 0 4 0 5 0 0 0 1 0 0 5 0 2 2 
525 0 0 1 4 0 0 0 5 5 0 0 2 3 4 0 
526 0 4 4 0 4 0 0 0 4 3 4 5 4 0 1 
527 0 0 0 3 0 0 3 4 1 3 4 1 0 0 0 
528 1 0 0 0 1 0 4 4 1 0 1 0 4 5 3 
529 4 0 0 0 0 0 3 0 0 5 2 3 0 0 0 
530 0 5 5 0 3 4 1 0 1 5 2 0 0 0 3 
531 3 0 4 5 0 0 2 0 0 0 0 0 0 0 0 
532 0 0 0 1 5 3 0 5 0 0 2 4 0 0 0 
533 5 0 0 0 2 3 5 5 1 1 1 5 0 1 0 
534 2 2 3 1 0 4 0 4 5 2 2 2 4 1 5 
535 0 2 0 2 1 0 4 0 0 2 0 0 3 5 4 
536 0 0 3 0 2 5 0 5 3 2 0 0 2 4 5 
537 4 3 0 0 1 0 4 0 4 2 0 0 5 0 3 
538 4 4 5 5 5 5 0 1 2 0 0 3 1 5 5 
539 0 3 1 0 3 1 0 0 5 0 3 3 4 5 3 
540 5 1 4 0 0 3 0 0 0 5 0 5 5 2 0 
541 0 0 4 0 0 0 3 2 0 0 2 2 4 0 0 
542 4 4 1 0 5 0 5 1 0 4 0 1 1 0 0 
543 4 0 1 1 0 1 0 1 0 2 0 3 3 2 4 
544 4 0 4 4 0 4 0 0 1 0 0 3 0 5 0 
545 0 0 0 2 0 0 2 2 0 5 3 0 0 2 1 
546 0 0 3 0 0 0 1 0 0 0 0 3 1 0 1 
547 2 0 0 5 0 5 0 5 0 3 2 0 0 0 1 
548 4 4 4 0 5 1 3 0 4 2 0 0 3 0 2 
549 0 1 0 1 0 0 4 0 2 2 3 2 0 3 1 
550 0 0 0 1 0 0 4 0 2 0 0 2 4 0 0 
551 5 1 0 0 5 4 5 4 3 0 2 0 2 0 1 
552 0 0 5 4 2 3 1 0 1 3 0 0 0 4 2 
553 4 2 0 0 3 2 0 3 3 0 1 0 4 0 0 
554 2 0 0 4 1 3 1 1 0 1 3 4 4 3 0 
555 4 3 2 4 0 1 0 2 4 0 0 1 1 0 2 
556 4 1 5 0 4 3 1 4 5 0 5 0 0 3 0 
557 2 0 0 5 0 0 0 5 2 4 3 4 0 0 5 
558 3 5 0 5 4 5 0 0 2 2 0 4 1 0 1 
559 1 0 0 2 1 5 2 2 2 0 0 1 3 4 5 
560 5 2 3 0 1 0 3 0 1 0 3 0 2 0 3 
561 5 2 4 0 2 3 0 3 1 1 0 0 2 0 5 
562 0 0 4 2 0 0 1 4 5 0 5 4 5 3 1 
563 4 4 4 1 0 0 0 5 2 0 0 3 0 2 0 
564 4 3 1 2 0 4 0 0 3 1 0 1 0 2 3 
565 0 2 0 5 0 0 0 0 2 1 0 0 2 4 5 
566 0 1 3 0 4 0 4 5 5 5 1 2 1 2 0 
567 0 3 1 0 0 0 5 4 0 0 5 2 3 2 3 
568 1 2 0 0 0 4 0 0 3 1 3 0 0 0 1 
569 5 0 5 2 1 0 3 5 2 2 2 0 0 0 0 
570 1 0 5 0 0 5 1 0 0 0 4 3 4 1 5 
571 1 3 0 4 0 2 3 0 0 0 2 4 0 2 0 
572 0 2 0 4 0 0 0 4 2 1 1 0 4 1 0 
573 1 1 0 1 2 0 0 0 0 3 5 0 0 1 0 
574 4 0 3 0 5 0 0 0 0 4 5 4 0 0 1 
575 0 0 2 1 4 5 0 0 1 4 4 0 4 2 2 
576 4 2 5 1 0 2 1 0 2 4 1 1 0 5 0 
577 0 2 0 0 3 0 0 2 1 0 0 0 5 5 1 
578 5 0 3 1 0 2 2 0 2 5 4 0 0 0 4 
579 0 4 0 5 2 3 2 0 5 0 5 1 2 1 4 
580 0 2 3 2 0 5 0 3 2 0 0 0 0 0 4 
581 0 5 0 0 0 3 1 2 4 2 0 0 5 0 1 
582 3 0 5 0 5 5 1 0 2 0 0 0 4 4 0 
583 0 1 4 3 4 5 4 0 1 3 2 0 2 0 0 
584 0 2 5 4 1 3 0 3 0 4 0 2 5 0 0 
585 0 0 0 0 0 0 0 4 2 4 0 2 2 1 0 
586 4 4 1 4 2 4 0 3 3 2 1 0 0 4 5 
587 3 0 3 1 0 2 0 3 1 5 1 0 5 0 0 
588 4 5 0 2 4 3 0 3 4 5 0 2 0 0 1 
589 2 3 4 3 5 0 0 4 0 1 3 3 5 0 1 
590 0 0 0 3 0 0 0 2 0 1 5 0 1 0 0 
591 3 0 2 0 2 5 0 0 3 1 2 3 4 1 4 
592 5 2 2 0 1 0 3 3 0 1 1 4 0 0 0 
593 0 1 4 0 0 3 4 0 0 0 2 0 2 1 3 
594 5 0 1 3 1 4 0 5 0 0 2 0 2 1 3 
595 0 3 4 1 0 0 1 1 1 0 0 0 4 5 4 
596 0 1 0 0 0 4 0 2 0 5 1 1 2 4 1 
597 5 2 0 0 4 4 5 3 1 3 0 0 0 4 0 
598 3 0 0 5 3 0 0 5 0 0 1 3 1 0 4 
599 0 3 0 0 0 2 2 0 1 5 0 0 0 3 5 
600 5 0 5 5 5 4 2 2 0 4 4 5 4 0 0 
601 0 0 0 3 0 0 0 1 0 5 2 5 0 5 0 
602 5 0 5 0 3 4 4 0 0 0 1 2 0 4 2 
603 5 0 4 0 2 5 1 2 0 5 1 2 1 5 2 
604 0 0 1 1 5 3 0 3 1 4 2 5 0 2 5 
605 3 1 4 5 0 5 4 0 4 4 0 2 0 0 4 
606 0 0 1 0 0 5 0 1 1 3 2 0 0 3 3 
607 0 3 2 5 3 4 2 1 1 4 0 4 3 3 1 
608 2 0 0 2 5 0 3 2 0 1 0 1 2 3 0 
609 0 5 1 1 0 3 4 1 1 1 0 5 0 2 0 
610 0 0 0 0 0 0 3 0 3 3 0 0 2 3 0 
611 2 3 2 1 5 0 0 0 2 0 4 2 2 1 4 
612 1 4 0 4 0 0 0 0 1 0 0 0 0 0 3 
613 4 5 5 0 4 2 0 0 5 4 0 3 5 0 0 
614 2 0 3 4 0 4 0 0 2 4 0 0 2 3 5 
615 2 5 5 0 2 2 3 1 0 5 0 4 5 0 2 
616 4 5 0 3 0 2 3 2 2 0 2 0 0 2 4 
617 0 0 0 0 4 1 0 0 0 2 3 1 0 0 1 
618 0 1 5 5 2 3 0 0 1 4 2 5 1 0 0 
619 4 5 0 0 4 5 3 0 5 1 4 3 0 4 2 
620 4 0 2 5 2 0 2 3 0 0 2 0 0 5 0 
621 0 4 0 0 3 4 3 0 2 1 1 0 0 5 3 
622 4 1 1 3 0 0 4 5 0 0 0 5 0 4 0 
623 0 1 4 4 3 2 3 4 4 2 4 1 2 3 2 
624 0 2 5 0 3 3 3 3 0 0 4 2 0 0 0 
625 0 0 1 2 0 0 3 0 4 0 0 0 4 0 2 
626 0 0 0 3 2 1 0 4 2 0 2 1 0 0 0 
627 4 4 0 0 4 2 2 0 2 1 0 0 3 5 0 
628 3 4 0 1 1 1 0 0 5 2 1 0 2 0 4 
629 4 0 0 1 5 2 0 0 5 0 3 0 5 5 0 
630 0 0 0 2 2 0 0 2 4 0 4 4 2 0 4 
631 1 0 5 0 5 2 0 2 1 0 2 0 1 3 3 
632 4 0 0 1 2 2 0 0 5 4 0 2 2 0 1 
633 5 4 0 1 2 5 2 5 0 5 0 2 0 5 5 
634 5 0 1 0 4 0 0 1 0 2 1 1 3 4 0 
635 1 0 3 0 4 0 0 3 2 0 5 1 5 5 4 
636 3 0 1 3 5 2 0 0 4 0 0 1 2 2 2 
637 1 2 0 3 4 3 3 0 0 0 0 0 0 0 5 
638 5 4 0 4 1 3 1 1 1 2 0 3 5 3 0 
639 0 0 3 0 3 4 4 3 4 1 0 0 5 2 0 
640 0 0 0 3 0 4 3 0 2 2 0 4 0 5 1 
641 1 0 0 1 0 4 0 4 1 0 5 0 1 0 1 
642 0 0 1 0 0 4 1 1 0 4 0 1 3 0 2 
643 0 2 0 0 3 1 0 0 3 3 3 4 1 0 4 
644 0 4 0 5 0 4 2 1 0 1 1 0 4 3 2 
645 5 5 4 0 3 0 4 0 3 1 5 5 0 0 2 
646 5 3 5 5 3 1 0 2 5 0 5 2 4 4 0 
647 0 0 3 1 1 2 5 2 2 0 0 5 0 1 2 
648 0 0 0 5 2 3 5 0 0 4 2 3 0 0 5 
649 0 0 3 0 0 0 0 2 4 4 4 2 5 0 1 
650 0 0 0 2 0 0 0 0 0 0 4 2 0 0 1 
651 0 5 0 4 0 0 2 3 3 3 0 1 0 4 0 
652 2 1 0 5 1 5 3 5 0 5 5 0 1 0 0 
653 2 5 4 3 4 2 3 0 2 0 4 0 1 0 3 
654 3 0 0 3 0 5 0 0 5 2 0 2 0 1 0 
655 0 0 2 0 0 0 4 4 5 0 4 0 1 0 5 
656 0 0 1 2 2 0 5 0 0 0 0 0 0 2 5 
657 5 4 0 4 0 4 2 4 3 0 0 0 0 1 0 
658 0 1 5 5 0 4 5 1 1 1 0 0 3 0 5 
659 0 0 2 3 2 2 0 3 0 0 1 0 5 0 0 
660 2 0 0 0 4 4 1 2 5 0 0 4 0 0 0 
661 3 0 0 4 0 0 3 0 1 1 0 2 0 0 0 
662 3 0 0 3 2 0 2 0 3 1 0 0 5 4 3 
663 4 0 0 0 1 0 3 2 1 3 1 2 4 0 2 
664 4 0 1 2 4 3 1 0 0 2 3 5 5 3 2 
665 0 1 0 2 5 5 0 2 0 0 4 0 1 4 2 
666 2 1 0 4 5 0 0 2 5 1 0 0 4 0 0 
667 0 4 0 3 3 5 1 3 0 0 0 3 3 2 0 
668 0 1 5 0 0 0 0 1 2 1 0 4 0 0 2 
669 5 4 0 5 0 0 0 3 5 0 0 3 0 3 0 
670 0 0 0 1 5 1 4 4 2 0 0 0 0 2 0 
671 4 1 0 0 5 4 0 0 1 3 0 0 0 0 0 
672 0 0 4 3 0 0 5 0 0 5 0 2 2 0 0 
673 0 0 5 0 2 0 3 2 0 0 0 0 0 1 1 
674 5 3 1 1 1 1 0 0 0 2 3 4 3 5 5 
675 1 1 0 4 4 3 4 0 0 2 4 4 0 5 4 
676 2 5 0 0 0 2 4 2 3 0 4 0 5 0 1 
677 0 2 5 0 4 0 2 4 0 5 0 3 2 0 3 
678 0 1 5 4 4 5 5 0 1 5 0 0 2 0 5 
679 3 4 3 0 4 0 2 4 2 0 3 2 0 0 0 
680 5 1 0 2 1 1 1 4 1 1 0 0 5 2 1 
681 0 5 5 5 1 1 2 5 0 0 1 3 5 5 0 
682 5 0 4 5 0 5 4 1 0 2 2 5 2 0 0 
683 0 3 5 4 1 1 4 5 0 2 0 2 0 0 1 
684 0 2 2 1 0 4 1 2 3 0 4 3 4 0 0 
685 5 0 2 3 4 0 2 3 0 3 2 4 2 3 0 
686 0 0 3 1 0 0 0 1 0 1 0 4 3 0 0 
687 1 3 5 5 5 4 3 0 4 4 0 0 2 2 4 
688 5 0 2 0 4 4 4 0 4 2 0 0 3 0 0 
689 0 1 1 2 5 3 5 4 0 5 0 1 4 0 0 
690 5 0 5 5 0 3 2 2 3 0 0 0 5 0 0 
691 0 0 2 5 3 2 5 0 5 1 0 4 0 3 0 
692 0 0 1 0 0 3 0 2 0 3 0 0 3 1 5 
693 4 5 1 0 4 4 0 0 0 0 0 3 5 3 5 
694 0 0 0 0 3 0 5 5 5 4 0 0 1 2 0 
695 0 5 0 1 4 0 3 0 1 4 0 1 0 1 0 
696 0 0 0 4 0 0 0 3 0 1 3 0 0 0 3 
697 3 0 0 5 0 0 0 0 1 5 2 2 1 0 1 
698 5 0 5 0 2 2 0 0 5 3 0 3 5 0 4 
699 1 4 4 5 0 2 0 0 3 4 0 0 0 0 5 
700 2 1 5 4 3 0 0 0 4 0 0 0 5 0 0 
701 1 0 0 0 3 0 0 0 2 0 0 3 0 0 1 
702 0 5 1 3 0 2 5 4 1 0 3 1 4 0 4 
703 1 5 1 0 1 4 5 0 2 0 1 2 0 4 2 
704 0 0 0 0 5 3 5 0 0 1 5 0 5 4 0 
705 1 0 4 0 3 0 4 4 0 0 5 3 0 1 1 
706 5 3 1 5 5 0 0 0 0 3 0 0 3 2 2 
707 3 0 5 4 4 0 0 0 5 0 0 1 1 5 0 
708 2 0 0 0 0 3 0 2 0 3 1 3 1 0 0 
709 4 0 0 5 2 2 4 0 5 0 3 1 3 3 0 
710 0 1 0 5 2 0 4 5 1 3 2 0 2 4 1 
711 0 4 5 0 5 1 2 2 3 5 4 5 1 5 5 
712 0 1 5 0 4 0 0 5 0 2 4 3 0 0 0 
713 2 0 5 2 5 0 0 5 0 0 4 2 0 0 4 
714 5 3 4 1 0 0 0 1 0 1 0 0 1 0 0 
715 0 0 4 0 0 4 5 1 5 0 2 3 2 2 5 
716 2 5 0 5 4 0 1 1 2 0 5 2 1 0 2 
717 0 5 2 1 1 0 0 1 5 5 5 0 0 0 2 
718 2 3 0 2 3 0 4 2 1 2 2 5 4 0 3 
719 5 0 1 2 0 0 5 0 0 5 0 0 0 4 0 
720 0 5 0 3 1 5 2 0 5 0 0 3 3 4 0 
721 4 4 4 0 0 0 2 0 0 2 5 2 5 0 4 
722 0 0 0 4 4 5 0 2 2 0 2 4 0 4 5 
723 0 4 4 3 4 0 2 0 0 2 0 5 0 0 0 
724 0 1 0 2 0 5 0 0 3 5 0 0 2 0 3 
725 3 0 0 0 3 1 0 0 2 2 2 5 5 0 5 
726 5 1 1 2 5 0 5 0 1 2 0 0 5 3 2 
727 1 0 0 5 0 0 0 0 3 1 4 0 4 0 4 
728 0 0 0 5 5 4 0 4 4 0 2 5 0 2 0 
729 2 2 0 3 4 5 3 0 0 4 4 0 3 4 5 
730 0 0 3 4 1 2 0 0 5 0 0 0 1 0 4 
731 0 5 0 3 0 0 1 0 2 3 0 0 0 1 4 
732 1 3 0 1 2 5 2 5 3 1 0 0 4 0 0 
733 0 0 0 0 2 0 4 0 3 4 1 1 3 4 3 
734 0 2 2 0 0 3 1 3 3 0 0 1 0 4 0 
735 3 2 1 1 2 4 0 4 0 4 3 0 3 2 0 
736 1 0 0 2 2 2 5 0 5 2 4 0 5 1 0 
737 0 1 1 5 1 5 5 0 5 0 2 0 0 0 4 
738 0 0 4 2 1 3 0 1 0 1 4 3 4 4 2 
739 0 1 4 4 0 0 0 0 0 0 3 1 0 2 1 
740 0 0 3 0 5 3 5 2 0 5 0 1 0 4 3 
741 5 2 4 4 3 1 0 2 0 1 0 1 0 3 0 
742 1 0 0 0 0 4 0 0 0 0 0 0 5 0 0 
743 0 0 2 0 4 3 5 2 5 0 3 0 5 0 3 
744 0 0 1 0 3 0 3 0 2 4 0 2 5 3 0 
745 0 0 0 0 5 5 4 5 2 5 3 1 0 3 5 
746 4 4 4 4 0 0 1 0 4 5 4 4 3 0 4 
747 0 5 2 5 0 3 4 4 1 0 0 0 2 0 5 
748 3 1 3 5 3 0 1 5 0 2 3 3 3 3 1 
749 0 2 0 3 0 0 1 5 0 1 1 0 2 0 0 
750 3 2 5 0 3 0 0 2 5 0 4 0 5 0 0 
751 0 3 0 0 3 0 0 5 5 0 1 1 0 0 3 
752 5 2 4 0 2 2 1 3 0 3 5 0 4 2 0 
753 1 4 0 0 0 4 4 0 0 2 2 3 1 5 0 
754 4 4 0 1 5 3 0 0 0 0 0 4 0 0 2 
755 0 5 3 0 0 4 4 0 0 5 4 0 0 5 3 
756 3 2 1 3 0 1 2 0 0 0 0 0 3 1 1 
757 5 5 4 2 3 5 0 2 2 1 0 0 4 0 3 
758 1 3 0 0 0 3 5 5 3 3 1 0 5 0 0 
759 4 5 2 0 3 0 0 1 2 5 0 3 4 0 0 
760 0 0 2 0 3 3 0 0 0 5 0 4 2 0 3 
761 4 1 5 3 1 4 0 4 4 0 0 0 1 0 1 
762 0 0 0 0 0 3 0 2 3 5 1 0 3 0 4 
763 3 3 3 0 0 0 0 0 2 4 2 5 1 1 0 
764 0 4 2 0 4 4 1 5 1 1 1 0 0 0 0 
765 4 2 3 4 0 1 4 0 0 0 1 0 1 0 1 
766 4 4 0 4 5 0 0 2 0 1 0 0 1 5 5 
767 2 5 5 2 3 4 5 2 3 0 0 0 4 3 3 
768 1 0 2 5 2 0 3 0 1 5 0 1 5 0 0 
769 0 0 5 0 1 5 2 1 2 3 1 1 5 0 3 
770 4 2 4 0 0 4 0 1 4 0 3 0 4 1 0 
771 3 0 1 0 4 0 3 5 0 5 0 0 2 1 2 
772 0 1 3 0 5 0 0 4 3 1 0 0 4 0 2 
773 4 4 4 2 0 0 5 2 2 0 2 4 3 3 0 
774 4 2 0 4 0 0 2 3 2 5 0 4 2 0 1 
775 5 1 0 3 5 5 0 0 4 0 2 1 0 1 3 
776 5 1 4 2 1 5 4 0 3 1 5 2 1 4 4 
777 0 0 0 0 0 5 0 4 3 1 4 4 0 5 0 
778 4 1 2 4 0 0 0 4 0 0 0 0 1 0 0 
779 0 4 5 1 0 0 0 2 0 0 0 0 0 2 3 
780 1 0 1 0 0 0 4 4 2 0 0 0 1 5 1 
781 1 1 0 3 4 0 1 0 4 1 0 0 2 4 4 
782 4 4 3 5 0 4 5 4 5 3 0 0 0 5 0 
783 0 4 5 0 0 4 2 5 2 3 0 4 2 5 0 
784 0 2 0 0 2 5 0 2 3 3 4 0 0 2 4 
785 0 0 0 3 0 0 0 2 0 5 0 0 0 3 0 
786 0 5 0 3 3 0 3 5 5 0 0 3 1 3 0 
787 0 2 5 3 0 4 0 2 0 0 5 0 3 0 0 
788 0 0 0 0 3 1 3 4 0 5 0 1 1 0 0 
789 0 4 5 0 4 0 2 0 0 4 4 3 3 5 4 
790 0 1 4 4 1 0 0 0 0 0 0 4 2 0 2 
791 0 1 0 3 0 4 5 0 4 0 4 0 5 2 1 
792 1 4 0 2 0 1 2 1 2 3 2 0 2 2 0 
793 5 0 5 0 1 0 5 3 0 5 1 5 1 5 0 
794 3 0 0 0 0 1 2 0 4 2 5 5 0 0 0 
795 2 0 0 0 1 3 5 5 0 3 2 0 0 0 0 
796 4 0 0 0 0 2 1 4 0 0 0 1 0 0 3 
797 0 5 1 1 0 4 0 0 4 0 3 0 5 2 1 
798 2 5 0 5 2 4 0 1 2 0 4 0 5 0 5 
799 2 0 3 5 0 4 2 0 1 0 0 0 0 3 0 
800 2 5 0 1 0 4 0 2 5 0 0 4 2 3 0 
801 1 0 2 3 0 2 1 0 0 1 0 0 0 0 0 
802 1 0 5 1 3 4 5 0 0 4 3 0 0 0 0 
803 1 5 0 1 4 2 0 1 4 2 5 4 0 0 0 
804 2 0 5 2 1 1 0 0 0 4 0 0 1 5 0 
805 2 3 1 1 0 4 2 0 4 0 0 1 0 2 3 
806 0 1 0 3 4 5 4 2 4 5 0 3 5 0 0 
807 0 5 0 5 3 1 3 3 0 0 3 0 0 0 2 
808 2 0 0 2 5 0 5 1 0 4 2 2 0 3 4 
809 3 0 4 5 0 0 2 5 4 0 5 0 0 3 0 
810 4 2 2 4 0 5 0 0 0 3 1 0 2 0 4 
811 5 2 0 2 2 2 5 1 0 5 4 5 2 0 1 
812 1 2 0 0 4 2 5 5 5 0 4 0 0 5 3 
813 1 0 0 3 0 0 0 0 0 0 3 0 1 3 3 
814 4 0 5 4 0 1 0 5 2 4 5 2 0 3 0 
815 2 0 0 0 4 5 1 0 0 2 4 1 0 4 5 
816 5 0 0 0 0 3 3 0 0 2 1 0 1 3 0 
817 0 4 0 0 0 0 0 5 3 0 1 2 3 4 0 
818 5 0 0 3 5 0 0 3 0 0 0 3 0 5 4 
819 3 4 3 0 2 0 0 1 2 3 0 3 0 0 3 
820 0 1 0 0 0 3 5 0 5 1 0 4 0 0 3 
821 3 1 4 5 5 5 0 0 1 0 2 0 0 1 3 
822 3 0 0 5 1 0 2 5 4 3 1 2 0 0 3 
823 0 1 4 0 2 4 0 4 3 0 0 0 0 3 0 
824 1 2 3 4 2 2 0 2 3 0 0 1 5 1 2 
825 0 5 0 0 3 0 0 2 1 3 0 0 4 1 2 
826 0 0 0 3 0 1 0 2 4 4 3 0 3 3 4 
827 3 0 3 3 1 1 5 0 0 0 4 0 1 4 0 
828 4 0 5 0 2 0 3 1 0 5 0 3 5 2 4 
829 4 0 3 5 0 0 3 0 0 4 5 0 0 5 1 
830 3 5 0 0 0 0 0 0 0 1 0 4 0 1 0 
831 3 4 3 0 2 2 2 2 2 0 0 0 0 4 0 
832 0 0 0 0 4 0 5 1 0 0 0 5 0 0 1 
833 2 0 4 0 0 0 3 0 5 0 0 0 0 5 0 
834 0 3 4 0 0 4 4 0 2 0 3 0 0 1 3 
835 1 0 1 4 3 5 3 5 0 3 1 3 0 2 3 
836 0 1 0 0 0 2 1 1 3 2 3 4 1 1 5 
837 0 3 0 3 0 5 0 0 1 0 0 2 4 0 3 
838 0 1 5 0 2 3 4 2 2 0 3 3 0 3 3 
839 3 0 4 0 1 5 0 3 0 4 0 0 3 5 0 
840 0 3 5 0 3 2 0 0 4 4 4 3 0 2 3 
841 3 1 5 0 3 3 3 0 2 2 2 0 3 1 3 
842 0 0 1 0 0 0 1 4 0 5 1 5 4 5 0 
843 1 0 0 0 0 5 3 0 0 3 0 0 0 5 1 
844 5 5 5 5 0 5 1 0 2 1 5 0 0 2 0 
845 0 0 1 4 3 0 2 1 2 2 3 0 5 5 0 
846 5 0 0 2 0 0 4 0 2 3 1 4 3 0 4 
847 4 3 2 5 1 0 1 2 3 0 0 1 0 4 0 
848 3 5 4 0 0 0 5 1 5 0 0 0 0 4 0 
849 0 0 3 3 0 4 1 0 1 4 0 0 2 5 4 
850 0 0 0 2 4 0 0 0 2 2 4 0 3 0 0 
851 0 1 1 3 3 3 3 0 0 0 2 0 1 3 3 
852 0 4 2 5 4 0 0 4 0 0 0 0 4 4 0 
853 1 0 0 0 4 5 2 3 2 5 0 3 0 0 0 
854 1 1 1 4 0 0 2 0 0 0 3 0 4 0 0 
855 0 4 2 1 0 0 0 0 4 3 0 4 3 4 5 
856 0 2 4 2 5 4 5 1 2 3 0 0 3 0 0 
857 1 1 0 5 3 5 0 1 3 4 4 1 2 4 0 
858 0 0 0 3 0 5 1 4 5 0 0 0 2 0 0 
859 0 5 1 5 0 3 2 0 5 1 0 4 0 0 4 
860 1 2 5 1 0 0 2 2 5 4 0 3 0 2 5 
861 0 0 0 5 0 0 2 1 3 0 3 0 0 0 3 
862 0 4 4 4 4 2 3 0 3 0 4 2 1 0 5 
863 5 0 4 2 0 0 5 1 3 0 0 0 0 5 5 
864 0 1 0 1 1 0 2 0 0 4 0 0 4 0 2 
865 3 4 0 0 0 0 1 2 0 4 1 3 4 0 1 
866 3 2 3 4 2 4 0 0 2 0 3 5 0 1 0 
867 0 0 1 0 3 4 3 0 0 2 5 4 0 3 0 
868 1 5 0 0 5 0 1 0 0 5 0 0 2 1 4 
869 0 3 3 4 1 5 1 0 5 0 5 4 4 0 4 
870 5 0 0 0 0 2 5 0 5 2 2 3 4 0 0 
871 5 0 0 3 5 4 5 5 1 0 1 0 2 1 1 
872 2 0 0 0 5 4 0 5 3 1 1 4 0 0 1 
873 1 0 0 0 0 1 3 4 5 1 0 0 4 4 0 
874 0 3 5 2 4 5 2 4 5 1 0 3 3 0 0 
875 1 0 2 1 3 4 0 1 5 3 2 0 4 3 5 
876 5 2 1 0 2 0 5 5 3 1 2 2 4 0 0 
877 3 0 0 0 0 0 2 1 3 0 0 0 0 4 4 
878 0 0 0 5 2 0 4 0 0 4 0 4 1 4 2 
879 3 0 4 5 5 0 0 3 0 0 4 3 0 0 0 
880 3 0 0 2 0 3 2 2 0 3 0 0 5 3 0 
881 1 1 4 1 5 0 3 0 0 1 3 3 3 2 4 
882 4 3 2 5 5 4 0 0 5 0 3 0 0 1 1 
883 5 0 0 3 0 2 0 0 3 2 5 1 2 0 0 
884 0 0 3 0 0 0 0 0 1 1 3 1 1 1 4 
885 4 4 1 0 0 5 3 3 4 4 4 4 4 5 4 
886 5 0 0 3 4 2 3 2 0 4 0 2 3 0 0 
887 0 3 0 1 0 1 0 5 5 3 0 0 5 5 1 
888 0 0 0 2 4 0 3 5 0 1 0 0 1 1 0 
889 0 0 2 0 2 3 4 1 0 0 4 1 0 1 1 
890 5 2 5 0 0 4 1 2 2 5 0 0 2 0 5 
891 0 5 5 2 0 3 3 4 0 0 5 0 0 0 1 
892 0 2 1 2 0 5 4 2 0 4 1 3 3 0 1 
893 3 0 3 0 3 0 4 4 0 3 0 2 5 5 3 
894 5 4 5 4 2 2 0 0 5 4 0 4 0 1 5 
895 4 1 5 0 0 1 5 5 0 0 4 4 4 0 4 
896 0 4 2 5 0 2 5 4 5 0 0 5 0 4 1 
897 3 3 0 0 4 1 5 3 4 3 5 4 2 3 0 
898 2 3 1 0 0 0 4 5 4 4 0 1 3 3 4 
899 2 1 0 3 0 4 3 4 4 0 0 4 0 3 5 
900 1 1 0 2 2 0 5 0 0 2 1 0 0 3 0 
901 2 0 0 4 0 4 0 0 5 0 0 2 3 2 5 
902 2 0 0 2 1 0 0 0 4 0 0 0 5 1 2 
903 0 0 0 4 5 0 5 1 5 2 0 4 3 0 0 
904 0 0 5 2 1 4 1 2 0 1 0 0 0 0 0 
905 1 2 2 3 1 4 0 2 0 0 5 5 0 5 3 
906 0 1 0 0 3 3 5 5 0 2 5 4 1 5 0 
907 2 1 2 4 0 0 0 3 4 5 0 5 0 2 4 
908 5 5 0 4 0 0 3 0 4 1 0 1 3 1 2 
909 0 5 0 3 5 0 4 0 0 5 5 3 0 0 5 
910 0 1 5 0 0 4 3 0 0 0 3 3 5 2 5 
911 1 2 0 5 0 3 1 3 0 5 2 0 0 1 0 
912 1 0 5 2 3 0 2 2 0 1 2 0 0 0 1 
913 0 0 0 4 3 4 0 2 0 4 5 0 4 5 3 
914 0 4 0 3 2 1 1 0 5 3 3 0 1 0 0 
915 4 0 1 0 5 1 0 5 4 0 0 0 2 5 3 
916 4 0 1 0 1 0 0 0 5 3 0 0 2 0 0 
917 0 0 1 2 0 4 5 2 5 0 0 1 5 0 0 
918 1 0 0 2 5 5 0 0 0 3 1 0 0 0 0 
919 3 0 3 1 0 5 5 2 0 5 1 0 5 0 2 
920 5 0 2 5 0 0 0 5 0 1 2 3 0 2 0 
921 2 0 1 4 2 2 0 3 5 0 2 4 0 0 0 
922 3 0 0 0 5 3 1 2 3 2 2 0 1 0 3 
923 5 2 1 3 5 5 1 1 0 4 0 4 4 1 5 
924 3 0 2 4 0 0 0 5 0 3 0 4 4 0 5 
925 1 0 2 0 5 2 2 0 0 2 2 4 4 5 1 
926 4 0 1 5 0 3 0 0 5 0 1 1 1 1 2 
927 5 0 0 0 0 0 0 1 0 5 2 1 0 4 5 
928 4 1 1 1 0 0 0 3 0 0 4 2 0 5 5 
929 0 2 0 0 5 0 3 3 5 3 0 0 0 4 4 
930 0 2 0 3 0 1 5 1 3 4 0 0 0 3 3 
931 4 0 4 0 0 0 2 1 2 5 4 0 0 2 2 
932 4 4 0 2 4 0 1 0 4 0 1 0 2 2 0 
933 0 4 1 1 3 1 0 4 0 0 3 3 1 1 4 
934 3 4 0 3 0 0 3 4 0 0 0 5 2 3 0 
935 0 3 5 5 0 2 4 3 0 3 0 0 4 1 3 
936 2 1 0 1 1 0 1 0 5 2 4 0 0 0 5 
937 0 5 3 0 3 5 2 4 0 0 0 5 0 0 4 
938 0 0 0 0 1 0 0 2 0 0 0 0 0 0 3 
939 4 1 0 0 4 4 0 0 1 0 2 3 0 0 3 
940 0 0 4 3 1 1 1 5 2 2 3 5 1 2 1 
941 3 0 0 5 5 2 1 2 0 0 5 3 2 3 2 
942 1 0 5 3 0 1 0 3 1 3 0 0 2 2 0 
943 0 0 3 0 3 2 0 0 0 0 4 0 4 0 4 
944 3 0 3 0 4 0 2 4 3 0 5 1 0 1 0 
945 0 0 0 4 2 0 3 0 0 3 0 0 2 0 0 
946 3 2 3 3 4 5 1 0 2 5 0 0 1 1 3 
947 1 4 0 3 3 5 2 2 0 1 4 2 0 2 3 
948 3 0 5 1 3 4 0 0 2 0 0 4 4 0 4 
949 4 5 3 0 0 4 0 1 0 0 3 2 0 1 5 
950 0 0 3 5 3 3 2 0 2 5 0 0 1 0 0 
951 0 0 0 3 0 1 4 3 3 0 0 4 0 0 5 
952 0 1 0 4 1 0 1 1 0 0 0 0 2 0 4 
953 5 5 4 0 0 0 2 2 0 0 0 5 0 0 1 
954 0 1 0 0 2 5 2 0 2 3 3 4 0 5 3 
955 0 4 4 4 4 0 0 3 0 5 0 1 4 3 0 
956 3 3 3 0 4 0 2 1 1 0 0 2 0 0 0 
957 0 1 0 4 2 2 4 0 0 3 1 4 2 2 0 
958 4 0 3 0 1 0 0 0 5 0 5 0 0 0 3 
959 4 0 0 4 0 2 0 3 0 1 0 1 3 0 0 
960 4 0 0 2 3 5 3 0 0 0 0 2 3 0 5 
961 0 0 0 4 0 5 4 5 0 0 0 3 0 0 0 
962 1 0 3 1 0 5 0 3 0 5 1 3 3 2 0 
963 2 2 5 4 5 4 5 0 5 2 4 5 4 0 0 
964 0 0 0 0 3 0 0 0 4 5 0 0 3 3 0 
965 0 0 2 2 0 3 0 0 1 5 3 0 0 5 0 
966 3 0 2 2 4 2 0 3 0 0 0 0 0 2 4 
967 2 5 1 2 0 5 0 5 0 1 4 5 1 5 5 
968 0 5 0 0 0 2 3 0 3 0 0 2 1 0 0 
969 1 5 0 1 2 0 0 2 2 5 3 0 1 2 5 
970 0 1 0 4 1 0 2 1 1 4 2 5 4 2 5 
971 0 0 3 5 1 0 0 0 1 4 0 0 3 1 5 
972 0 0 1 5 0 0 4 2 0 0 5 1 4 3 0 
973 2 3 0 0 3 3 3 4 1 0 1 4 5 5 3 
974 0 0 3 0 0 2 2 4 0 1 4 0 4 0 0 
975 2 0 0 0 3 0 2 0 2 0 0 0 0 3 0 
976 0 4 0 0 2 1 0 2 5 5 2 3 0 0 2 
977 0 0 4 0 2 4 3 0 3 2 0 4 0 3 0 
978 0 1 1 1 0 3 0 5 0 0 4 5 5 3 4 
979 0 0 0 0 3 1 0 0 5 5 2 5 3 0 3 
980 1 0 5 0 0 2 1 2 0 0 0 5 1 3 2 
981 2 0 0 0 2 0 1 0 1 0 5 1 2 0 4 
982 2 4 0 0 3 0 0 1 0 5 4 4 0 0 0 
983 0 5 2 2 5 0 0 1 4 0 0 4 1 0 5 
984 3 1 0 0 0 0 5 2 4 2 0 4 0 1 4 
985 3 4 0 0 0 0 0 0 1 0 0 0 0 0 0 
986 0 1 1 4 4 5 2 3 3 2 4 4 0 0 1 
987 0 0 0 0 3 4 3 2 0 0 5 0 1 4 4 
988 5 0 3 0 0 5 0 5 3 0 0 3 0 3 5 
989 0 4 0 3 4 3 0 5 0 5 0 0 5 3 0 
990 5 2 3 0 4 0 1 4 3 1 0 0 4 1 1 
991 4 0 0 1 5 0 4 0 1 2 0 1 4 0 3 
992 3 0 0 1 3 0 1 0 0 0 0 0 1 3 2 
993 0 5 0 3 0 0 4 0 0 2 5 5 1 3 2 
994 0 1 4 5 4 0 0 4 5 0 0 3 4 5 0 
995 4 5 4 4 0 4 4 2 5 2 1 5 0 0 5 
996 0 0 0 0 0 0 2 1 0 1 4 2 5 0 0 
997 3 0 1 0 5 3 0 0 0 2 0 3 0 0 0 
998 1 0 4 4 0 5 2 2 0 0 0 0 2 3 0 
999 5 2 0 2 0 0 0 0 0 2 0 3 1 2 4 
1000 4 4 5 0 0 2 0 0 0 1 0 0 3 0 4 
1001 0 3 4 4 3 0 5 4 5 0 5 1 4 1 4 
1002 0 2 1 1 4 0 0 0 0 0 0 0 0 0 4 
1003 0 3 0 3 0 0 0 5 3 0 0 0 5 0 3 
1004 1 1 1 0 0 4 2 3 0 2 3 2 5 2 2 
1005 0 0 5 0 4 1 0 2 2 0 0 1 0 2 0 
1006 1 0 1 0 0 5 1 2 3 0 4 1 2 0 5 
1007 0 0 0 3 0 0 0 0 0 0 1 3 4 0 5 
1008 3 0 5 0 0 2 0 2 3 3 0 3 2 0 5 
1009 0 5 0 2 0 0 4 0 0 0 3 4 5 0 0 
1010 2 0 0 0 0 0 1 2 0 2 0 0 2 3 0 
1011 0 1 3 5 5 1 3 0 3 3 1 0 0 2 0 
1012 2 2 4 0 0 0 0 0 0 0 1 0 0 4 2 
1013 0 0 1 0 0 1 1 5 0 1 3 4 3 0 4 
1014 0 3 0 3 2 3 4 4 2 0 3 1 1 0 0 
1015 4 0 1 3 1 4 3 0 1 2 3 0 1 3 0 
1016 2 0 0 3 2 3 2 4 4 0 0 5 0 5 1 
1017 0 2 0 2 4 0 4 5 2 2 5 2 3 2 1 
1018 1 0 2 0 0 0 1 4 0 0 3 0 1 1 0 
1019 0 4 3 2 0 5 1 5 5 1 4 4 1 2 0 
1020 1 5 0 2 0 2 4 0 1 0 5 2 3 0 0 
1021 5 0 0 4 4 0 3 0 2 1 2 0 3 1 2 
1022 1 0 0 1 0 5 4 3 0 2 0 3 0 5 5 
1023 3 5 0 0 0 0 4 0 0 2 1 0 1 0 0 
1024 0 3 0 0 5 0 2 0 0 0 3 0 5 0 1 
1025 0 0 4 5 0 3 0 1 0 5 5 2 2 0 4 
1026 5 0 3 0 1 0 3 1 5 0 0 0 2 4 5 
1027 3 3 0 3 0 2 2 5 0 0 0 0 0 1 1 
1028 5 1 5 5 4 5 5 0 5 4 2 2 5 0 5 
1029 0 3 0 4 1 4 0 0 2 0 2 0 1 2 0 
1030 4 4 0 0 3 4 0 0 4 0 1 0 1 0 1 
1031 2 0 0 0 5 4 0 0 4 4 4 0 1 0 0 
1032 0 0 0 0 0 0 0 4 4 4 0 1 0 0 0 
1033 0 0 4 0 1 4 5 5 0 4 2 4 2 0 0 
1034 5 5 0 0 3 0 4 4 0 0 3 1 2 1 0 
1035 5 5 0 2 0 2 1 0 3 4 0 3 0 0 0 
1036 0 0 4 0 0 0 3 3 2 4 4 4 2 0 4 
1037 0 0 0 5 0 4 3 4 3 5 5 0 0 3 5 
1038 4 2 4 1 0 4 0 2 5 0 2 0 4 0 0 
1039 0 0 0 5 4 0 0 1 0 0 1 0 0 5 0 
1040 3 4 5 2 3 0 0 5 2 1 0 5 0 0 0 
1041 0 0 0 3 1 0 1 4 4 3 5 2 0 1 5 
1042 4 3 0 2 2 0 5 4 1 0 1 0 1 2 0 
1043 0 5 0 0 3 1 2 0 2 4 0 4 0 4 1 
1044 4 0 3 5 0 4 3 0 5 1 0 0 0 0 0 
1045 0 5 2 0 3 1 0 4 3 4 1 3 3 0 2 
1046 3 4 0 4 5 5 1 5 5 2 3 2 3 5 2 
1047 3 0 3 0 5 0 0 4 2 4 5 0 0 0 4 
1048 4 0 4 2 0 0 0 2 0 0 4 4 0 0 0 
1049 3 1 3 1 1 0 4 3 0 0 0 5 2 0 4 
1050 1 4 3 0 3 0 0 0 0 0 0 0 1 5 0 
1051 0 3 0 0 0 0 2 0 5 0 0 0 3 5 0 
1052 0 0 2 4 2 2 0 5 0 0 0 5 1 0 0 
1053 0 3 5 2 0 4 4 0 2 0 3 0 1 5 3 
1054 3 0 0 5 0 0 2 0 2 0 4 2 5 4 0 
1055 0 5 4 3 5 4 3 4 2 3 0 0 2 4 0 
1056 1 5 0 0 0 0 3 4 5 4 1 0 0 3 0 
1057 0 0 3 0 4 0 3 0 2 1 0 1 3 5 0 
1058 0 0 0 4 3 0 3 0 0 0 4 4 5 0 1 
1059 0 4 3 0 4 0 0 2 1 0 1 0 2 5 0 
1060 0 0 1 0 4 0 0 0 1 5 0 3 4 2 1 
1061 0 0 5 5 5 0 0 1 0 5 1 4 0 0 2 
1062 5 1 0 2 0 0 1 2 4 3 0 1 1 1 4 
1063 0 2 0 4 0 4 3 0 2 0 4 3 2 5 2 
1064 3 5 4 5 0 5 2 1 2 3 0 4 4 2 0 
1065 2 3 0 5 5 2 2 4 0 2 0 1 2 5 0 
1066 2 0 0 0 1 2 4 0 0 0 5 2 1 5 0 
1067 2 0 4 2 0 5 0 3 0 2 0 2 3 1 5 
1068 0 4 0 1 0 0 0 3 1 5 3 3 0 0 4 
1069 0 4 0 5 0 5 3 0 2 5 2 4 0 0 2 
1070 0 3 5 0 0 5 0 0 0 4 0 0 0 0 1 
1071 2 0 3 0 0 5 1 5 3 3 4 5 0 3 0 
1072 3 1 2 4 0 0 3 1 0 3 4 1 0 1 0 
1073 0 0 0 4 3 2 0 1 0 4 4 0 4 4 5 
1074 2 5 0 5 0 0 2 0 1 0 0 0 0 2 5 
1075 4 0 0 2 5 0 0 4 1 0 2 2 3 5 0 
1076 2 2 3 2 0 0 1 5 0 0 4 0 3 0 0 
1077 2 2 5 0 5 0 3 2 0 2 5 0 0 0 4 
1078 4 4 1 5 5 4 4 3 0 1 2 1 3 0 4 
1079 0 2 1 0 0 0 2 0 5 0 0 2 0 4 0 
1080 0 2 1 0 0 2 0 1 0 0 0 5 4 1 3 
1081 0 4 3 3 2 4 0 1 1 1 0 2 0 5 1 
1082 1 1 5 2 5 2 3 4 0 0 5 5 3 5 4 
1083 1 0 0 0 0 2 0 1 4 0 0 2 0 4 0 
1084 0 0 2 5 5 2 0 1 1 0 5 0 5 5 1 
1085 0 0 0 2 2 4 4 0 0 3 0 3 4 0 0 
1086 5 1 0 0 4 4 4 0 3 0 2 2 4 4 5 
1087 2 0 0 0 1 2 5 4 1 0 0 5 4 5 5 
1088 0 1 4 4 5 2 2 3 1 0 0 0 4 0 5 
1089 0 1 0 3 0 0 0 5 0 3 4 0 1 4 5 
1090 0 3 3 4 2 0 0 0 0 0 0 5 0 4 4 
1091 2 2 4 2 5 0 5 5 0 0 5 1 2 1 0 
1092 0 5 5 3 5 0 3 5 2 5 0 4 1 0 0 
1093 4 0 0 0 0 0 2 0 3 2 4 0 0 2 2 
1094 3 1 3 2 4 0 4 3 3 1 0 0 2 0 4 
1095 0 4 3 1 1 2 0 3 2 0 1 1 5 0 5 
1096 0 0 0 0 5 0 0 0 4 5 3 0 2 0 1 
1097 3 0 4 0 5 1 1 2 0 2 0 4 2 2 0 
1098 0 0 0 0 1 1 1 1 0 3 0 0 3 4 0 
1099 0 0 0 0 0 2 0 0 2 0 2 3 0 1 4 
1100 1 4 4 4 0 3 0 0 3 1 3 0 0 4 0 
1101 0 0 3 0 2 5 0 0 0 2 4 1 1 0 5 
1102 4 0 0 5 4 3 1 4 1 3 0 0 0 0 0 
1103 1 0 4 4 0 0 0 0 3 3 3 0 0 4 2 
1104 0 2 2 0 3 1 2 4 1 5 1 1 0 5 0 
1105 2 0 2 4 0 2 2 0 0 1 0 0 0 2 2 
1106 5 0 3 2 1 4 5 4 0 0 0 0 0 2 1 
1107 0 0 4 0 3 0 2 0 5 4 0 4 5 0 5 
1108 0 2 1 5 0 3 0 0 0 0 1 3 0 4 0 
1109 4 1 3 2 0 4 2 5 3 0 3 1 2 5 0 
1110 0 1 0 0 0 5 0 1 2 3 4 5 0 3 0 
1111 0 4 3 0 4 3 0 0 5 2 0 1 0 2 2 
1112 5 2 0 4 0 3 4 1 1 1 5 1 3 0 4 
1113 0 3 1 2 3 0 0 0 0 2 0 5 2 0 0 
1114 0 5 0 1 4 0 1 4 0 2 4 0 5 0 0 
1115 1 5 3 0 0 0 0 0 5 3 2 1 3 0 1 
1116 0 3 5 5 0 5 0 5 4 1 0 0 2 0 0 
1117 3 4 3 5 0 4 0 3 1 0 0 0 3 0 1 
1118 4 4 0 4 0 0 4 5 1 3 5 5 0 1 4 
1119 0 0 2 0 1 4 0 5 0 0 5 0 0 5 0 
1120 4 0 0 4 0 5 5 0 0 0 1 3 5 0 0 
1121 5 2 1 0 1 3 1 0 3 4 0 0 2 0 0 
1122 2 2 2 0 0 5 3 0 0 0 5 1 2 2 5 
1123 5 0 4 0 0 3 0 3 2 2 4 4 3 2 5 
1124 3 2 0 1 5 3 0 5 0 0 1 1 1 0 0 
1125 5 4 1 0 0 3 4 1 5 2 5 2 0 1 2 
1126 3 2 5 1 4 5 0 3 0 0 0 4 0 0 0 
1127 4 3 0 0 1 0 3 1 0 0 0 3 0 0 5 
1128 2 5 0 2 0 2 4 4 0 4 0 0 2 0 1 
1129 0 3 0 2 0 5 0 1 4 0 0 0 3 1 0 
1130 2 4 3 0 0 5 0 4 0 5 5 0 4 4 3 
1131 0 0 0 2 0 0 0 3 0 0 5 0 0 5 0 
1132 4 2 3 4 2 3 4 0 5 3 0 0 0 5 4 
1133 4 0 3 0 3 5 0 0 1 3 5 5 0 0 0 
1134 0 3 3 4 0 0 0 4 0 5 0 0 0 0 2 
1135 0 3 0 0 0 4 4 4 4 0 5 2 0 4 0 
1136 2 2 5 0 0 0 0 1 0 0 4 0 1 0 0 
1137 1 0 0 5 0 0 0 5 3 4 5 4 4 0 4 
1138 1 0 2 3 0 2 0 2 4 0 0 5 3 0 0 
1139 0 0 0 2 1 0 2 0 4 0 2 0 4 0 1 
1140 1 0 4 0 0 0 0 5 0 0 3 3 0 2 3 
1141 5 0 0 1 5 1 0 5 0 3 4 3 0 0 5 
1142 0 1 0 0 1 3 4 2 0 2 0 1 0 4 0 
1143 0 0 0 2 0 2 3 0 5 1 3 0 0 0 2 
1144 0 4 0 4 4 3 0 2 4 0 5 3 3 3 2 
1145 0 3 5 0 0 0 3 0 2 4 2 4 0 5 4 
1146 3 0 0 3 4 0 1 0 0 0 0 0 2 0 4 
1147 4 4 0 0 5 0 4 0 5 2 0 0 3 1 2 
1148 0 0 0 5 4 4 2 4 2 0 4 1 0 5 0 
1149 1 3 0 5 5 5 1 1 0 0 2 2 0 2 2 
1150 0 0 2 0 2 4 0 0 2 1 2 2 0 2 2 
1151 1 3 4 0 3 5 0 0 0 0 4 4 0 1 0 
1152 0 4 0 4 0 3 0 3 3 4 2 5 0 3 4 
1153 5 2 0 0 2 0 0 5 2 0 0 2 0 0 1 
1154 0 2 2 3 1 4 0 5 4 0 0 4 5 0 0 
1155 0 3 1 0 1 5 1 0 0 0 0 1 3 4 0 
1156 4 0 0 0 0 0 5 2 0 4 3 5 3 5 5 
1157 4 5 3 0 3 3 3 3 0 2 2 0 3 2 1 
1158 0 5 0 5 3 0 0 0 3 0 5 0 0 3 1 
1159 2 1 5 2 2 0 0 4 5 3 0 1 3 5 0 
1160 2 0 5 5 1 0 5 5 2 0 1 2 5 0 0 
1161 0 0 4 1 5 3 3 4 0 2 4 3 0 2 2 
1162 0 1 5 1 5 1 0 0 4 4 4 5 0 1 2 
1163 5 2 0 1 0 5 4 4 0 2 0 2 2 0 3 
1164 3 5 3 2 1 0 1 3 2 4 0 5 0 3 1 
1165 2 0 0 3 3 3 2 0 5 0 5 0 0 1 0 
1166 1 2 0 2 0 3 0 2 0 0 2 0 1 5 0 
1167 0 1 4 0 0 0 4 0 3 5 5 1 0 0 0 
1168 5 1 1 2 5 0 0 5 0 0 0 5 0 0 0 
1169 4 1 2 0 5 3 3 0 1 0 0 2 5 0 1 
1170 2 0 2 0 1 3 0 0 0 2 0 4 5 0 5 
1171 0 0 4 5 2 2 0 1 3 3 0 0 5 1 5 
1172 1 4 0 2 0 0 5 1 0 0 4 5 0 0 4 
1173 0 5 4 0 5 0 5 0 5 0 0 0 0 0 1 
1174 4 3 0 1 5 0 0 2 1 1 4 2 2 0 0 
1175 2 0 0 0 3 3 0 2 1 4 5 5 5 5 1 
1176 3 4 3 4 2 2 5 3 0 1 3 0 0 0 0 
1177 0 5 5 0 0 0 3 5 0 0 2 1 0 0 0 
1178 0 0 5 4 3 5 0 2 2 2 4 4 2 4 4 
1179 5 1 0 2 4 0 5 2 2 1 3 0 5 0 2 
1180 3 2 2 0 3 0 4 0 2 2 0 0 0 5 5 
1181 1 0 3 4 0 3 2 4 0 3 0 1 3 2 0 
1182 4 0 4 1 1 5 2 0 3 5 4 0 0 5 5 
1183 0 1 4 0 0 0 0 0 0 0 5 1 0 0 2 
1184 0 1 5 4 0 4 4 1 0 0 0 2 0 0 5 
1185 4 2 5 2 0 0 3 4 5 1 0 0 4 2 4 
1186 1 4 0 2 0 1 0 1 4 0 2 0 0 0 1 
1187 0 0 2 2 3 3 0 5 5 4 0 2 2 0 0 
1188 0 4 0 0 4 0 1 3 1 3 3 4 5 5 1 
1189 4 2 4 0 4 2 3 5 0 1 0 3 1 0 0 
1190 1 0 1 0 1 1 0 5 0 0 0 0 0 0 4 
1191 4 0 2 0 3 3 4 0 5 0 3 4 0 0 0 
1192 0 0 4 5 0 0 5 2 0 0 4 5 5 4 0 
1193 0 0 1 3 1 0 4 4 0 0 1 3 0 1 0 
1194 0 2 0 3 0 0 0 1 0 5 3 5 0 5 3 
1195 0 4 4 0 0 0 3 5 0 0 0 4 3 1 0 
1196 4 1 0 4 0 5 1 4 0 1 4 4 1 5 1 
1197 5 3 0 2 0 3 4 1 4 5 2 0 2 1 4 
1198 0 5 0 2 0 4 0 2 0 0 2 1 0 0 1 
1199 1 5 0 0 5 4 2 0 0 1 3 0 0 0 0 
1200 4 3 2 0 2 0 1 0 0 0 0 0 1 0 0 
1201 0 0 0 0 0 5 0 0 1 3 3 0 2 4 0 
1202 2 2 0 1 5 0 2 0 0 0 1 0 3 0 0 
1203 4 0 5 4 1 3 0 4 0 1 3 5 0 2 3 
1204 1 1 0 3 5 1 2 2 5 2 5 0 5 0 5 
1205 1 1 0 4 0 0 0 5 0 2 2 0 5 0 1 
1206 3 4 2 2 0 0 0 5 1 2 5 2 1 0 3 
1207 3 5 5 4 0 2 0 3 0 4 2 0 5 1 2 
1208 5 0 5 0 0 4 0 4 4 5 0 0 0 0 2 
1209 2 1 1 2 0 1 5 0 0 5 4 5 4 5 0 
1210 3 0 4 4 5 4 1 3 0 0 4 0 5 0 0 
1211 5 0 2 0 1 0 0 5 0 2 2 0 2 2 0 
1212 0 0 4 0 0 0 3 3 4 2 0 2 3 2 0 
1213 0 0 3 4 1 2 3 5 0 5 1 2 0 1 4 
1214 0 0 0 4 1 1 3 2 2 3 2 0 2 4 1 
1215 4 0 3 5 2 5 2 3 2 4 1 5 0 3 2 
1216 0 0 4 0 0 0 3 3 0 4 4 1 0 4 2 
1217 0 1 1 1 2 5 5 0 3 0 2 1 0 0 1 
1218 0 1 5 0 0 0 2 4 0 2 3 0 5 4 0 
1219 4 0 4 4 2 4 3 5 0 0 3 1 0 5 2 
1220 0 3 5 0 0 2 2 1 1 1 0 0 1 0 0 
1221 0 5 0 0 0 2 2 0 4 1 0 1 1 4 5 
1222 5 4 1 0 4 1 4 3 1 5 0 5 4 1 4 
1223 4 2 4 4 3 5 5 1 2 0 4 0 1 5 5 
1224 0 4 4 5 4 2 2 0 3 0 4 2 2 2 2 
1225 5 0 1 0 0 0 0 0 3 0 0 0 2 5 4 
1226 0 0 0 5 4 0 1 1 0 0 0 3 4 5 3 
1227 4 0 2 2 0 3 4 0 3 4 0 3 0 3 1 
1228 4 5 1 2 0 0 0 1 0 0 0 2 5 0 5 
1229 3 0 0 1 0 5 0 3 5 0 4 0 0 1 4 
1230 2 1 5 5 1 0 1 3 0 0 5 3 4 1 5 
1231 0 1 3 0 0 0 5 1 2 1 3 2 0 2 0 
1232 3 3 4 2 0 2 1 3 0 0 0 4 0 1 0 
1233 3 0 3 3 0 0 0 0 0 0 4 0 0 3 0 
1234 0 0 5 2 0 0 0 2 0 0 4 0 0 5 1 
1235 5 3 2 0 5 1 0 0 5 5 1 1 1 4 5 
1236 0 0 5 0 0 0 0 0 5 1 4 3 0 0 0 
1237 0 0 5 0 2 4 0 0 1 2 3 2 0 5 3 
1238 5 1 0 0 3 0 0 0 5 0 5 3 0 0 1 
1239 0 2 0 0 3 0 0 0 4 5 0 0 2 0 1 
1240 0 4 0 3 4 5 0 5 2 0 1 0 4 2 4 
1241 1 0 0 1 0 4 2 4 0 5 3 0 0 0 5 
1242 0 3 2 0 3 4 3 0 0 0 0 0 2 0 0 
1243 0 0 1 2 3 1 0 3 2 2 3 4 2 0 4 
1244 0 0 2 3 5 0 0 1 0 0 1 1 0 2 0 
1245 1 0 0 0 0 5 0 1 3 1 3 3 4 0 5 
1246 0 1 1 0 1 0 2 4 1 0 3 5 0 0 0 
1247 4 0 0 5 1 0 3 1 0 3 3 0 1 0 0 
1248 4 0 0 1 4 0 0 3 4 1 1 3 2 0 4 
1249 2 3 5 2 2 5 2 5 0 3 4 0 5 5 1 
1250 0 5 3 3 0 1 0 0 1 5 0 2 0 1 3 
1251 2 3 0 2 0 5 3 0 5 0 5 0 0 4 4 
1252 2 0 0 3 4 0 0 2 3 5 0 0 0 3 4 
1253 0 0 4 0 2 1 1 1 1 0 0 1 0 0 0 
1254 4 1 2 0 3 0 0 0 5 0 0 2 0 3 5 
1255 0 5 4 0 0 2 4 2 1 3 2 2 1 3 2 
1256 1 0 2 0 5 0 4 0 0 0 0 0 2 2 0 
1257 5 3 1 0 4 0 0 0 2 0 0 5 0 0 0 
1258 0 4 0 0 5 4 0 2 3 2 4 0 1 2 1 
1259 0 0 4 2 1 0 1 5 1 4 0 1 3 0 3 
1260 0 0 0 4 3 2 3 1 5 4 5 4 0 0 1 
1261 5 0 5 0 1 1 4 5 0 0 0 3 2 4 0 
1262 4 3 5 1 5 0 0 3 2 0 3 0 0 3 5 
1263 5 5 1 4 1 1 0 0 0 2 0 2 0 3 0 
1264 1 0 5 0 5 4 0 1 3 0 3 5 0 0 0 
1265 0 1 2 0 5 3 5 4 0 5 5 4 0 4 2 
1266 0 1 3 3 0 2 4 4 4 4 0 0 4 2 5 
1267 0 0 0 4 1 3 0 0 1 0 0 0 4 2 0 
1268 0 0 2 0 1 3 2 3 0 0 2 5 4 0 0 
1269 0 1 4 0 0 1 4 0 4 0 0 0 4 5 0 
1270 0 4 0 5 4 0 5 4 1 0 4 0 0 2 5 
1271 4 1 3 0 3 0 0 4 0 1 0 0 0 3 0 
1272 4 1 0 0 3 0 0 1 3 3 0 2 1 1 1 
1273 0 5 3 2 3 4 4 5 0 0 4 5 3 4 0 
1274 2 0 1 1 5 0 0 1 0 5 4 5 0 3 0 
1275 3 0 0 4 2 0 5 2 0 3 1 2 0 3 5 
1276 0 3 0 2 0 0 0 1 1 0 0 2 5 0 0 
1277 1 0 4 3 1 5 2 0 5 2 0 0 0 2 0 
1278 2 0 0 0 1 5 4 0 2 0 5 0 2 2 0 
1279 4 0 3 0 2 0 0 0 0 1 1 0 0 5 2 
1280 0 1 2 1 2 3 1 0 4 0 0 5 5 4 3 
1281 1 5 0 1 3 1 0 4 0 5 1 0 5 5 0 
1282 0 4 1 5 2 2 0 0 3 3 5 0 4 1 5 
1283 0 3 2 5 0 0 5 3 1 1 2 0 5 1 2 
1284 0 5 0 0 1 2 1 0 4 0 0 0 4 0 0 
1285 3 5 4 0 0 0 2 0 3 0 1 3 0 2 0 
1286 3 0 4 0 1 0 4 4 1 0 3 0 0 2 2 
1287 3 0 0 0 0 0 3 4 0 0 3 2 1 0 0 
1288 0 0 0 3 0 0 0 0 2 2 0 4 0 4 0 
1289 0 4 0 0 1 0 5 0 1 0 3 0 5 0 3 
1290 3 0 3 5 2 2 0 1 5 0 5 0 0 2 0 
1291 1 2 0 1 5 5 0 2 0 4 0 4 3 0 0 
1292 3 4 5 0 0 0 0 4 0 0 0 1 4 5 4 
1293 4 0 5 3 0 5 0 5 2 5 0 3 3 3 0 
1294 0 0 0 2 3 0 1 2 5 4 1 1 0 1 1 
1295 0 1 4 4 2 0 2 3 0 0 0 1 2 5 3 
1296 0 4 5 5 2 1 0 0 1 4 0 0 3 3 0 
1297 0 5 1 0 2 1 5 1 5 0 0 0 5 3 0 
1298 0 3 1 0 3 0 4 5 0 4 0 3 0 0 0 
1299 5 0 0 4 2 0 1 0 0 0 1 0 0 0 0 
1300 5 0 5 1 1 1 4 0 3 0 2 2 0 5 2 
1301 4 1 1 3 5 4 5 0 5 1 0 4 0 1 0 
1302 5 2 5 0 0 0 1 0 2 1 0 3 4 1 0 
1303 4 0 1 3 5 3 1 0 1 4 0 0 3 5 5 
1304 1 3 1 3 5 4 1 1 2 0 0 4 0 2 0 
1305 1 1 5 4 0 1 0 4 3 0 5 0 2 0 0 
1306 3 1 2 0 0 1 0 0 0 0 5 0 1 0 2 
1307 0 1 4 0 0 0 0 3 5 4 0 0 4 1 0 
1308 5 5 0 2 4 1 2 5 4 0 2 2 2 5 0 
1309 0 5 3 3 1 0 0 3 1 0 0 0 2 0 4 
1310 1 4 4 1 0 4 0 0 0 3 5 2 1 0 4 
1311 0 0 3 2 0 0 0 4 0 5 0 0 3 2 4 
1312 2 4 1 4 3 5 0 1 0 4 0 5 0 3 0 
1313 0 1 0 0 0 5 1 4 2 0 2 4 0 1 4 
1314 5 3 0 0 1 0 5 0 5 1 4 0 2 3 5 
1315 5 5 0 0 0 0 0 2 1 0 4 0 3 0 0 
1316 0 0 1 0 1 4 0 3 0 0 0 2 2 2 1 
1317 0 5 5 0 0 0 4 1 1 0 4 0 0 3 3 
1318 1 0 0 4 1 5 2 0 4 4 4 1 4 5 3 
1319 0 4 5 3 2 0 5 5 3 0 0 3 5 0 4 
1320 0 3 0 2 2 1 0 1 3 0 1 2 3 0 5 
1321 5 5 5 1 0 0 0 1 2 4 0 0 0 0 2 
1322 1 0 0 1 0 0 0 4 0 2 2 0 0 0 2 
1323 1 0 4 1 5 1 0 1 3 5 0 3 3 3 3 
1324 0 0 1 5 2 0 3 4 0 0 1 0 0 0 3 
1325 0 0 0 0 1 2 0 1 0 5 3 2 2 4 0 
1326 4 0 5 1 0 0 1 2 4 0 4 0 3 0 0 
1327 3 1 0 0 0 3 4 0 1 2 3 1 2 3 0 
1328 0 2 4 0 0 2 3 0 0 4 1 0 3 0 0 
1329 0 0 0 4 1 0 4 0 0 4 0 4 2 0 0 
1330 5 3 1 3 0 3 1 5 2 1 1 0 3 1 0 
1331 2 0 5 3 1 4 2 0 1 5 3 0 0 0 5 
1332 2 0 0 2 5 3 0 0 0 4 4 3 0 4 5 
1333 0 1 0 5 0 5 3 3 0 4 4 5 0 0 0 
1334 1 5 3 0 5 4 4 3 1 3 0 0 4 0 2 
1335 3 5 0 5 0 0 0 3 0 5 3 0 0 0 0 
1336 0 3 0 0 0 1 0 3 0 2 5 0 0 0 5 
1337 0 1 0 5 5 0 1 0 3 3 1 2 4 0 2 
1338 1 0 0 3 0 0 1 4 5 0 0 4 0 0 0 
1339 2 3 3 2 0 0 0 3 4 3 4 0 0 1 0 
1340 1 5 0 2 2 0 1 0 1 1 0 0 0 1 3 
1341 5 3 0 0 5 2 0 0 0 4 3 0 3 4 0 
1342 4 0 3 0 4 2 0 2 0 3 4 1 0 0 0 
1343 1 4 2 4 0 0 0 3 1 1 1 0 0 3 0 
1344 4 2 2 0 0 0 0 0 1 5 0 0 3 5 0 
1345 4 0 5 4 0 1 5 0 0 4 0 5 0 0 0 
1346 0 3 2 5 5 5 2 1 4 4 3 4 0 0 0 
1347 5 0 3 0 2 0 5 3 5 0 1 4 5 0 2 
1348 0 0 0 0 0 3 1 4 0 5 0 4 0 0 1 
1349 5 0 5 0 0 0 0 0 0 0 0 2 0 0 0 
1350 2 4 1 2 0 1 5 0 3 3 2 3 2 0 5 
1351 0 4 0 0 0 5 0 2 2 4 0 2 0 0 3 
1352 3 2 0 0 0 0 4 0 0 0 5 5 0 0 3 
1353 2 0 5 5 4 3 0 0 5 3 5 2 1 2 5 
1354 5 1 4 5 0 5 0 3 3 3 3 0 5 1 0 
1355 0 0 2 0 1 0 0 0 0 4 0 2 3 0 0 
1356 1 1 0 1 0 0 4 4 0 5 5 1 3 0 3 
1357 4 0 4 0 4 5 4 0 2 2 0 0 0 4 5 
1358 0 0 0 4 0 1 0 1 0 0 2 2 5 3 4 
1359 3 0 2 0 3 1 0 0 2 0 0 2 0 5 1 
1360 0 5 4 1 5 0 3 2 2 1 4 1 0 0 0 
1361 2 0 1 0 1 0 0 0 4 0 0 5 0 0 2 
1362 5 1 2 3 4 0 0 0 0 3 4 0 0 4 3 
1363 5 2 4 0 5 0 5 3 0 0 5 2 0 0 0 
1364 0 0 0 2 0 0 3 2 3 1 3 0 2 3 5 
1365 2 0 3 1 0 0 0 1 0 2 5 3 3 0 0 
1366 0 5 0 5 1 4 1 0 3 5 0 5 0 0 2 
1367 0 5 5 0 4 5 1 0 0 0 0 0 0 2 2 
1368 0 1 1 0 2 0 0 0 1 0 0 3 3 0 2 
1369 0 1 0 0 5 3 3 3 5 1 2 4 3 0 0 
1370 2 4 0 0 0 1 0 0 0 4 0 4 3 5 0 
1371 4 2 2 5 5 0 5 4 1 5 3 1 0 2 5 
1372 0 1 5 0 0 4 4 4 2 3 5 4 0 0 4 
1373 5 0 5 0 5 1 0 0 2 5 0 0 0 4 4 
1374 0 5 0 0 4 0 2 0 0 0 0 0 2 5 0 
1375 0 0 4 4 0 1 3 4 0 5 0 0 4 4 3 
1376 1 3 0 2 5 3 1 2 5 0 0 4 0 0 0 
1377 1 5 5 5 0 1 1 2 0 0 0 2 0 0 0 
1378 3 0 0 1 0 0 5 0 0 5 1 5 5 2 4 
1379 5 0 0 4 0 1 0 0 1 0 2 5 0 2 2 
1380 4 3 0 2 2 0 5 0 0 0 5 0 0 3 0 
1381 0 1 0 0 0 0 0 4 0 1 4 0 5 2 2 
1382 3 1 0 0 2 0 3 5 2 3 0 0 0 2 3 
1383 0 0 0 0 1 0 1 2 0 2 0 3 2 5 2 
1384 2 0 0 5 1 0 1 2 0 0 0 0 0 2 3 
1385 0 0 4 0 3 0 3 5 4 2 4 4 0 3 5 
1386 4 3 5 0 0 1 5 1 3 1 0 2 0 0 0 
1387 5 0 2 1 3 3 0 0 0 0 0 0 4 0 0 
1388 3 0 4 3 3 2 0 0 0 5 0 0 2 0 5 
1389 0 2 5 0 1 0 0 0 0 2 1 2 5 0 0 
1390 0 2 2 3 3 4 1 1 0 4 0 0 1 2 5 
1391 3 1 2 2 5 1 0 0 0 2 5 0 2 3 0 
1392 0 0 4 1 3 0 2 2 1 1 0 0 5 0 1 
1393 2 5 0 0 4 0 3 0 4 2 1 5 1 0 0 
1394 4 0 5 0 0 0 0 4 1 1 4 0 0 0 5 
1395 0 1 2 0 3 5 0 0 0 5 0 1 5 0 0 
1396 0 3 4 3 0 4 5 1 0 2 2 3 3 3 2 
1397 3 1 0 2 0 3 0 3 2 5 2 3 1 0 4 
1398 2 2 2 0 0 5 4 0 2 3 1 3 4 3 0 
1399 0 0 0 4 4 0 2 3 0 3 4 5 5 0 0 
1400 0 0 3 5 0 2 0 3 5 0 1 1 2 4 0 
1401 5 0 3 5 5 1 0 5 1 2 3 0 0 0 0 
1402 0 3 0 5 1 0 1 3 2 1 4 3 0 0 0 
1403 0 1 4 3 0 0 0 0 0 4 0 0 5 3 0 
1404 2 0 3 0 0 0 0 4 0 2 0 2 4 3 2 
1405 0 5 0 2 0 4 0 0 3 1 0 0 0 0 3 
1406 0 1 3 2 1 5 4 0 0 4 5 0 0 1 0 
1407 3 0 4 1 4 5 0 0 0 3 1 1 5 1 0 
1408 5 0 0 5 5 0 5 5 0 3 2 3 0 0 0 
1409 2 1 5 2 0 0 4 5 0 1 1 3 0 0 0 
1410 1 5 0 4 4 2 3 2 5 0 0 1 1 0 4 
1411 2 3 0 5 0 0 4 0 4 0 0 3 2 0 0 
1412 5 1 5 2 0 0 0 3 0 0 3 0 4 0 0 
1413 1 3 2 4 4 0 0 0 0 2 4 0 0 3 0 
1414 0 3 3 2 0 1 3 1 0 5 4 0 3 4 5 
1415 0 1 2 1 4 0 0 0 0 0 1 0 3 1 0 
1416 5 0 0 4 3 0 2 5 0 0 0 0 0 2 0 
1417 4 0 2 2 3 4 0 0 1 2 0 1 1 2 0 
1418 1 5 0 0 3 0 5 5 0 5 0 0 2 0 0 
1419 1 1 4 3 1 3 0 1 5 3 2 0 0 0 3 
1420 5 0 2 0 0 0 0 1 1 1 0 5 0 0 3 
1421 0 0 0 0 5 4 4 0 0 3 0 0 0 0 5 
1422 4 1 5 4 0 3 0 0 3 0 3 0 5 5 1 
1423 0 0 4 3 0 0 5 2 1 1 5 5 0 0 0 
1424 1 4 0 1 3 3 5 3 3 1 5 2 5 4 4 
1425 0 0 4 3 5 0 0 0 0 3 2 1 5 2 0 
1426 0 0 3 5 1 4 4 3 2 0 0 3 2 0 0 
1427 4 4 3 4 2 1 2 2 4 1 4 5 0 1 5 
1428 5 0 0 0 1 0 1 2 5 2 0 2 2 0 0 
1429 5 1 0 5 1 4 2 4 4 0 0 1 1 3 3 
1430 5 0 0 0 0 0 5 3 0 0 3 0 0 1 2 
1431 2 0 0 1 0 0 3 2 1 1 0 5 0 5 0 
1432 0 4 2 1 3 2 0 1 0 1 1 4 0 0 0 
1433 5 2 4 4 4 0 0 3 0 0 4 0 4 4 4 
1434 2 0 0 4 2 5 3 1 3 0 0 4 0 0 0 
1435 0 2 0 0 0 4 0 0 3 3 0 3 0 0 1 
1436 0 0 0 0 0 1 0 0 5 0 0 3 5 4 1 
1437 0 1 0 4 0 5 5 0 3 1 4 1 3 2 0 
1438 0 4 3 0 0 5 5 4 0 1 0 5 1 0 0 
1439 4 1 0 0 0 1 2 5 0 5 0 3 1 0 2 
1440 0 3 2 0 2 1 2 5 0 1 4 1 0 0 4 
1441 0 2 0 1 0 5 0 1 1 0 1 0 5 0 0 
1442 2 0 2 0 1 3 1 0 2 3 1 1 2 2 0 
1443 0 4 4 2 4 4 1 2 1 3 0 0 0 0 5 
1444 2 4 0 0 3 0 2 0 0 0 0 0 0 0 1 
1445 3 4 0 0 3 1 0 0 0 1 5 1 0 2 3 
1446 3 4 1 0 2 5 2 3 0 0 2 3 0 0 0 
1447 0 2 1 2 4 2 4 2 0 0 5 0 4 0 0 
1448 5 3 1 2 4 0 0 0 0 0 1 5 2 0 0 
1449 5 2 1 0 4 0 0 0 0 0 5 0 0 2 1 
1450 0 3 0 0 4 5 3 0 2 1 4 0 1 2 0 
1451 1 3 5 3 0 0 0 0 1 0 0 0 2 2 1 
1452 4 1 5 3 3 4 0 0 5 3 4 0 3 1 4 
1453 2 0 5 1 1 4 4 0 3 4 2 5 0 3 0 
1454 5 1 0 1 4 5 3 4 0 5 1 1 1 0 4 
1455 0 0 4 0 5 4 2 3 0 0 5 2 1 4 0 
1456 1 1 0 0 0 3 0 3 0 0 4 0 0 3 1 
1457 2 1 5 4 5 1 0 5 0 4 3 0 3 5 0 
1458 4 0 5 4 5 0 5 5 0 0 0 0 5 1 0 
1459 2 0 1 3 0 2 1 2 4 0 4 2 5 4 5 
1460 3 0 5 0 1 1 0 0 5 0 0 5 3 0 0 
1461 3 4 2 0 4 3 0 3 0 2 0 0 0 0 4 
1462 0 0 2 1 1 3 0 0 0 4 1 2 0 4 0 
1463 4 4 0 0 2 5 3 1 0 5 4 4 0 3 3 
1464 2 3 3 4 0 1 0 3 0 1 0 1 0 1 0 
1465 0 0 0 5 1 2 5 0 1 4 2 4 0 2 0 
1466 1 2 0 0 1 2 0 0 5 2 0 0 2 0 1 
1467 4 4 1 4 0 4 0 5 0 0 2 0 1 3 4 
1468 1 0 5 2 0 3 0 1 0 0 0 4 2 0 1 
1469 0 5 3 0 0 1 5 0 3 0 2 0 5 4 3 
1470 0 0 0 0 0 1 2 0 0 4 0 1 0 5 3 
1471 2 4 2 0 3 0 1 0 2 0 3 0 2 0 4 
1472 2 0 1 0 4 5 0 0 0 1 0 2 2 0 3 
1473 3 4 5 2 3 4 2 0 0 0 3 0 0 1 4 
1474 4 0 4 0 3 0 0 1 0 0 3 0 1 0 3 
1475 5 0 1 3 3 5 4 2 2 1 0 5 0 0 2 
1476 0 2 4 0 0 4 4 3 5 5 2 0 0 0 0 
1477 5 3 1 0 0 0 4 2 5 5 0 0 4 0 0 
1478 0 0 0 0 3 0 2 0 2 0 0 3 4 4 1 
1479 0 0 4 0 5 2 0 2 2 0 0 0 5 0 2 
1480 1 5 3 5 0 0 0 3 4 4 0 0 4 0 0 
1481 3 2 1 0 0 3 0 4 0 0 0 0 1 0 3 
1482 0 2 3 0 3 4 4 1 3 4 5 2 4 0 2 
1483 0 1 0 4 3 1 0 0 2 3 2 4 0 0 5 
1484 0 2 2 5 0 0 0 2 5 4 1 0 0 1 0 
1485 3 4 2 1 3 0 0 0 0 1 1 4 1 0 1 
1486 4 0 5 4 1 1 2 4 3 0 0 5 0 2 4 
1487 2 0 4 0 5 0 0 0 2 0 2 5 0 2 4 
1488 5 1 0 3 2 0 1 0 3 0 5 0 0 1 0 
1489 0 3 0 4 2 1 0 2 3 3 2 0 3 4 4 
1490 4 3 0 0 4 3 5 2 4 0 0 0 1 0 2 
1491 0 5 0 2 3 0 0 0 0 4 0 5 1 4 0 
1492 3 2 3 3 0 2 2 0 4 5 0 5 0 4 0 
1493 5 1 0 1 5 4 0 1 3 2 0 0 4 4 5 
1494 2 4 1 2 2 2 2 4 3 3 4 3 0 0 1 
1495 0 4 0 3 0 0 1 4 0 0 0 0 0 0 2 
1496 2 1 4 2 1 2 0 2 0 5 0 2 0 2 1 
1497 4 4 0 0 5 0 0 0 1 1 5 4 4 2 0 
1498 1 5 0 0 2 5 2 0 2 2 0 0 1 0 0 
1499 0 0 4 0 1 4 0 1 0 0 4 2 4 2 5 
1500 0 0 0 0 5 3 0 4 0 0 0 0 2 3 0 
1501 20 0 0 0 0 0 0 0 0 0 0 0 0 0 0 
1502 0 20 0 0 0 0 0 0 0 0 0 0 0 0 0 
1503 0 0 20 0 0 0 0 0 0 0 0 0 0 0 0 
1504 0 0 0 20 0 0 0 0 0 0 0 0 0 0 0 
1505 0 0 0 0 20 0 0 0 0 0 0 0 0 0 0 
1506 0 0 0 0 0 20 0 0 0 0 0 0 0 0 0 
1507 0 0 0 0 0 0 20 0 0 0 0 0 0 0 0 
1508 0 0 0 0 0 0 0 20 0 0 0 0 0 0 0 
1509 0 0 0 0 0 0 0 0 20 0 0 0 0 0 0 
1510 0 0 0 0 0 0 0 0 0 20 0 0 0 0 0 
1511 0 0 0 0 0 0 0 0 0 0 20 0 0 0 0 
1512 0 0 0 0 0 0 0 0 0 0 0 20 0 0 0 
1513 0 0 0 0 0 0 0 0 0 0 0 0 20 0 0 
1514 0 0 0 0 0 0 0 0 0 0 0 0 0 20 0 
1515 0 0 0 0 0 0 0 0 0 0 0 0 0 0 20 
MDEPOT_SECTION
1501 1502 1503 1504 1505 1506 1507 1508 1509 1510 1511 1512 1513 1514 1515 
EOF
