TYPE: MWCVRP
DEMAND_DIMENSION: 4
DIMENSION: 24
DEPOT_NUMBERS: 4
EDGE_WEIGHT_TYPE: EUC_2D
MCAPACITY: 
1 20 20 20 20 
NODE_COORD_SECTION
1 25.5092 55.3311 
2 81.3269 10.538 
3 89.4204 68.58 
4 34.7426 67.0549 
5 46.1501 83.7575 
6 46.4747 77.6014 
7 63.1714 80.8758 
8 15.7876 90.2543 
9 23.3303 9.6691 
10 71.5152 35.664 
11 26.2445 62.3569 
12 16.9717 56.0725 
13 58.7688 63.9987 
14 86.082 41.2448 
15 10.5798 37.258 
16 38.6655 34.022 
17 76.3096 57.0859 
18 33.6503 8.6894 
19 76.7396 77.7103 
20 25.3955 46.0804 
21 51.734 47.48 
22 67.081 50.05 
23 37.556 40.409 
24 37.659 61.313 
DEMAND_SECTION
1 0 0 0 4 
2 0 3 1 1 
3 4 0 0 0 
4 0 0 0 2 
5 5 0 0 0 
6 5 0 0 0 
7 2 0 0 0 
8 0 0 0 5 
9 0 1 2 0 
10 2 0 2 5 
11 0 0 0 1 
12 0 0 0 4 
13 3 0 0 0 
14 3 0 0 0 
15 0 1 0 3 
16 3 4 3 3 
17 2 0 0 0 
18 0 4 3 0 
19 1 0 0 0 
20 1 0 0 2 
21 0 0 0 0 
22 20 0 0 0 
23 0 20 20 0 
24 0 0 0 20 
MDEPOT_SECTION
21 22 23 24 
EOF